6661999 = Ignore first line (new format code)
File name: C:\Users\gordillo\Desktop\local_loreta\sub-010003_EC-ROIlaggedCoh-crss.txt
1 = Number of time frames in Time X Frequency decomposition
90 = Number of EEG files
80 = Number Electrodes
500 = Number of time frames in EEG files
512 = Number of time frames in EEG files power of 2
5 = Number of matrices
5 = Band type (1=Classical1; 2=Classical2; 3=DiscreteFreqs; 4=AllDiscreteFreqs; 5=UserDefinedBands)
 1.250000E+0002 = Sampling rate Hz
-1.000000E+0002 = Freq1 Hz
-1.000000E+0002 = Freq2 Hz
 2.441406E-0001 = Frequency resolution Hz

  0.000000E+0000  1.189040E-0002  1.204032E-0002  1.859511E-0002  9.070168E-0003  2.726784E-0002  3.474438E-0002  2.230435E-0002  1.124409E-0002  6.592169E-0003  9.272269E-0003  1.952704E-0002  7.566343E-0003  1.151498E-0002  6.189523E-0003  9.638020E-0002  7.509433E-0002  1.663302E-0002  8.449776E-0002  1.487224E-0002  2.767652E-0002  1.413485E-0003  2.133491E-0002  4.530271E-0002  4.046443E-0002  4.490198E-0003  3.212752E-0002  1.085455E-0002  2.994071E-0003  4.330855E-0002  1.694604E-0002  3.933467E-0002  2.537676E-0002  1.912236E-0002  5.988718E-0004  2.073255E-0003  7.195250E-0003  1.176061E-0003  1.468394E-0002  1.226722E-0002  1.392814E-0002  1.544738E-0002  1.217426E-0002  1.714434E-0002  2.249561E-0002  2.906350E-0002  1.181815E-0002  2.446582E-0002  3.872287E-0003  1.572966E-0002  1.287303E-0002  1.641510E-0002  7.107534E-0003  1.363949E-0002  9.401347E-0003  5.058579E-0002  9.426428E-0003  9.894904E-0003  1.757190E-0002  1.478788E-0002  4.877410E-0003  1.218684E-0002  8.813908E-0003  7.431581E-0003  2.696932E-0002  1.825721E-0002  6.633663E-0003  1.098663E-0002  1.002194E-0002  3.373473E-0002  1.062569E-0002  3.337867E-0002  7.393868E-0003  1.867075E-0002  5.434163E-0003  1.285279E-0002  1.051247E-0002  2.847180E-0003  3.390787E-0003  5.553848E-0003
  1.189040E-0002  0.000000E+0000  1.744975E-0002  4.519585E-0003  1.653693E-0002  2.541035E-0002  3.157721E-0002  1.163657E-0002  8.634822E-0003  3.182515E-0003  9.557839E-0003  9.391447E-0003  1.791856E-0002  8.976254E-0003  5.720975E-0003  7.704700E-0002  7.465466E-0002  2.458370E-0002  6.368887E-0002  2.319039E-0002  3.731659E-0002  1.390007E-0003  2.401732E-0002  3.419459E-0002  4.911462E-0002  5.239022E-0003  4.801858E-0002  1.136418E-0002  1.946442E-0003  4.247119E-0002  2.028402E-0002  4.043523E-0002  1.670476E-0002  1.609282E-0002  2.592793E-0003  3.017091E-0003  9.380518E-0003  2.069776E-0003  1.983159E-0002  1.251623E-0002  1.406144E-0002  5.595723E-0003  4.941486E-0003  5.263057E-0003  2.401450E-0002  2.614301E-0002  9.866901E-0003  9.656679E-0003  4.258917E-0003  6.958361E-0003  1.103200E-0002  4.801312E-0003  8.009087E-0004  1.168716E-0003  4.864243E-0003  5.214768E-0002  1.478518E-0002  5.263821E-0003  1.479233E-0002  2.331056E-0002  4.083941E-0003  1.110709E-0002  5.134668E-0003  1.273680E-0002  3.146144E-0002  1.613773E-0003  4.677956E-0003  3.826931E-0003  5.543903E-0003  3.243850E-0002  5.781623E-0003  1.933852E-0002  3.264914E-0003  2.177115E-0002  4.938887E-0003  4.403227E-0003  5.393603E-0003  3.119367E-0003  2.848442E-0003  1.702101E-0003
  1.204032E-0002  1.744975E-0002  0.000000E+0000  1.365692E-0002  6.106677E-0003  1.958209E-0002  2.192727E-0002  1.045748E-0002  9.406277E-0003  4.482016E-0003  6.988525E-0003  8.326507E-0003  1.625779E-0002  7.458966E-0003  3.768023E-0003  5.808040E-0002  5.529806E-0002  2.278697E-0002  4.666072E-0002  3.119018E-0002  3.204955E-0002  1.053540E-0003  1.681298E-0002  2.896534E-0002  2.896352E-0002  5.877356E-0003  3.037528E-0002  8.455729E-0003  2.758857E-0003  2.468246E-0002  1.200106E-0002  2.264221E-0002  1.261086E-0002  9.677267E-0003  6.357937E-0003  5.481045E-0003  4.918983E-0003  4.658207E-0003  8.586834E-0003  7.177746E-0003  1.489141E-0002  1.887205E-0002  4.248757E-0002  2.718512E-0002  2.414995E-0002  2.526075E-0002  1.421219E-0002  2.315218E-0002  1.215823E-0002  1.133139E-0002  1.170053E-0002  1.616904E-0002  4.423332E-0003  6.378672E-0003  6.861672E-0003  3.751041E-0002  1.591251E-0002  1.611744E-0002  6.791933E-0003  1.151184E-0002  7.996426E-0003  1.211289E-0002  1.242311E-0002  5.654224E-0003  3.046443E-0002  1.846925E-0002  8.773786E-0003  1.025472E-0002  7.750000E-0003  2.067901E-0002  8.010996E-0003  1.639998E-0002  4.577875E-0003  2.189805E-0002  5.242900E-0003  9.344067E-0003  7.492573E-0003  5.582515E-0003  1.694975E-0003  5.644772E-0003
  1.859511E-0002  4.519585E-0003  1.365692E-0002  0.000000E+0000  1.501996E-0002  2.275172E-0002  2.644650E-0002  1.667892E-0002  1.024584E-0002  9.909879E-0003  1.717819E-0002  1.423171E-0002  1.968540E-0002  1.382334E-0002  1.277712E-0002  8.027678E-0002  6.792235E-0002  2.010241E-0002  6.537568E-0002  2.184239E-0002  3.443713E-0002  2.437057E-0003  2.029417E-0002  3.611096E-0002  4.193101E-0002  1.029228E-0002  3.905753E-0002  1.404402E-0002  7.954124E-0003  4.187485E-0002  1.832389E-0002  4.006542E-0002  1.737023E-0002  1.639713E-0002  4.556188E-0003  4.001693E-0003  1.071700E-0002  3.216799E-0003  2.371802E-0002  1.500628E-0002  1.567024E-0002  1.196514E-0002  6.705654E-0003  1.162416E-0002  1.786337E-0002  3.152101E-0002  1.179004E-0002  9.886039E-0003  8.974119E-0003  1.090090E-0002  1.546052E-0002  7.549995E-0003  5.918464E-0003  1.465602E-0002  5.711393E-0003  6.171851E-0002  2.037370E-0002  9.311022E-0003  1.885849E-0002  2.391997E-0002  9.443832E-0003  1.219664E-0002  8.124262E-0003  1.029615E-0002  3.534259E-0002  2.855615E-0003  9.156006E-0003  5.575076E-0003  6.939535E-0003  3.219950E-0002  6.898743E-0003  2.284538E-0002  3.143674E-0003  2.730480E-0002  8.337621E-0003  8.442881E-0003  5.673978E-0003  8.121184E-0003  5.318571E-0003  2.123125E-0003
  9.070168E-0003  1.653693E-0002  6.106677E-0003  1.501996E-0002  0.000000E+0000  1.197088E-0002  1.880812E-0002  2.995797E-0003  9.129659E-0003  1.370861E-0002  8.318941E-0003  4.392547E-0003  1.176396E-0002  7.994940E-0003  1.195637E-0002  1.240442E-0002  1.916629E-0002  1.514844E-0002  1.303870E-0002  1.720129E-0002  1.758468E-0002  4.151990E-0003  1.207540E-0002  1.428283E-0002  1.203386E-0002  5.440801E-0003  9.743281E-0003  6.513732E-0003  5.693189E-0003  8.448093E-0003  1.130576E-0002  1.162721E-0002  1.215602E-0002  7.125344E-0004  4.236691E-0003  2.307450E-0003  3.645741E-0003  3.458531E-0003  9.582371E-0003  6.816330E-0004  7.223417E-0003  1.219280E-0002  1.589366E-0002  1.928123E-0002  2.136815E-0002  1.502074E-0002  8.716602E-0003  1.225031E-0002  1.078589E-0002  9.136072E-0003  8.827685E-0003  7.559277E-0003  7.005052E-0003  9.253372E-0003  6.694589E-0003  2.089838E-0002  1.740082E-0002  1.637693E-0002  1.724616E-0003  1.464880E-0002  7.060269E-0003  1.373302E-0002  8.736604E-0003  3.380173E-0003  2.103469E-0002  8.180226E-0003  1.443000E-0002  7.155419E-0003  6.448596E-0003  6.050259E-0003  7.840795E-0003  4.598584E-0003  2.732924E-0003  1.145906E-0002  7.783211E-0003  1.229830E-0002  8.467970E-0003  5.947133E-0003  2.387716E-0003  6.715359E-0003
  2.726784E-0002  2.541035E-0002  1.958209E-0002  2.275172E-0002  1.197088E-0002  0.000000E+0000  2.404062E-0002  2.529391E-0002  2.806434E-0002  2.898660E-0002  3.343329E-0002  2.178288E-0002  2.222831E-0002  3.963640E-0002  5.244764E-0002  1.151280E-0002  2.261805E-0002  1.426561E-0002  2.282892E-0002  1.851938E-0002  2.321953E-0002  4.319856E-0003  8.981002E-0003  2.604003E-0002  1.676230E-0002  1.000718E-0002  3.832633E-0002  1.693040E-0002  2.471883E-0003  1.571922E-0002  1.325585E-0002  1.724470E-0002  8.326807E-0003  1.148961E-0002  7.177798E-0003  9.537691E-0003  1.187938E-0002  3.034772E-0003  1.139697E-0002  7.563677E-0003  2.551642E-0002  2.503958E-0002  2.232930E-0002  2.735378E-0002  1.810753E-0002  2.178143E-0002  7.821900E-0003  2.379126E-0002  9.890643E-0003  2.099079E-0002  1.247952E-0002  1.747904E-0002  1.042518E-0002  1.456841E-0002  4.250387E-0003  1.830298E-0002  1.771011E-0002  1.258239E-0002  1.703553E-0002  2.168067E-0002  6.288670E-0003  1.568083E-0002  6.065315E-0003  2.814761E-0002  7.417632E-0003  2.731965E-0002  1.957396E-0002  3.710753E-0003  1.873598E-0002  1.420337E-0002  1.414974E-0002  1.137351E-0002  5.290722E-0003  1.136773E-0002  7.598562E-0003  1.589785E-0002  6.669947E-0003  8.898051E-0003  1.736200E-0003  3.816241E-0003
  3.474438E-0002  3.157721E-0002  2.192727E-0002  2.644650E-0002  1.880812E-0002  2.404062E-0002  0.000000E+0000  3.278692E-0002  3.869515E-0002  2.494298E-0002  2.594913E-0002  3.603291E-0002  1.436249E-0002  4.134642E-0002  4.040850E-0002  7.526384E-0003  1.313617E-0002  8.391731E-0003  1.975983E-0002  3.320707E-0002  1.456222E-0002  2.596057E-0003  2.274914E-0003  2.571575E-0002  1.319132E-0002  1.212512E-0002  2.894196E-0002  1.172620E-0002  5.699200E-0003  1.821238E-0002  1.017227E-0002  1.637123E-0002  1.053512E-0002  1.148298E-0002  1.619694E-0002  2.270285E-0002  1.408305E-0002  9.403388E-0003  4.651006E-0003  6.367070E-0003  3.259271E-0002  2.767555E-0002  2.691050E-0002  3.401954E-0002  2.351076E-0002  2.815185E-0002  1.065201E-0002  3.034664E-0002  1.221567E-0002  2.422694E-0002  2.647418E-0002  1.585949E-0002  1.039096E-0002  2.028241E-0002  3.182333E-0003  2.153205E-0002  3.013827E-0002  1.452954E-0002  1.562830E-0002  3.349035E-0002  9.758377E-0003  2.371264E-0002  1.151963E-0002  2.510197E-0002  2.342260E-0002  4.072643E-0002  2.831329E-0002  7.263979E-0003  3.342463E-0002  1.652668E-0002  2.498855E-0002  9.540360E-0003  6.233607E-0003  1.535664E-0002  1.532547E-0002  2.852920E-0002  7.682406E-0003  1.152341E-0002  8.860218E-0004  4.382848E-0003
  2.230435E-0002  1.163657E-0002  1.045748E-0002  1.667892E-0002  2.995797E-0003  2.529391E-0002  3.278692E-0002  0.000000E+0000  7.647360E-0003  1.729329E-0002  2.236324E-0002  1.578894E-0002  1.205522E-0002  1.676094E-0002  1.687012E-0002  2.791002E-0002  2.881536E-0002  1.779854E-0002  3.626073E-0002  1.040481E-0002  1.622726E-0002  2.926955E-0003  1.099366E-0002  1.020139E-0002  3.061710E-0002  9.990728E-0003  2.447363E-0002  1.437588E-0002  4.475371E-0003  2.524676E-0002  2.744209E-0002  1.692105E-0002  2.376483E-0002  2.488275E-0002  4.119352E-0003  3.338743E-0003  6.066206E-0003  4.277709E-0003  4.009938E-0002  1.667859E-0002  2.224555E-0002  1.419548E-0002  9.338273E-0003  1.563847E-0002  1.486192E-0002  1.632171E-0002  2.826775E-0003  1.826223E-0002  2.329218E-0002  2.873020E-0002  2.450518E-0002  1.934184E-0002  2.023358E-0002  3.355812E-0002  7.836849E-0003  3.677600E-0002  5.209367E-0002  2.574693E-0002  1.750772E-0002  2.125622E-0002  4.060018E-0002  1.010780E-0002  4.982204E-0002  8.597397E-0003  1.257780E-0002  1.385160E-0002  4.709506E-0002  2.018569E-0002  1.392365E-0002  2.145547E-0002  2.421911E-0002  1.067847E-0002  4.794143E-0003  3.230824E-0002  8.429119E-0003  1.794505E-0002  6.731180E-0003  5.449128E-0003  1.014473E-0002  5.843699E-0003
  1.124409E-0002  8.634822E-0003  9.406277E-0003  1.024584E-0002  9.129659E-0003  2.806434E-0002  3.869515E-0002  7.647360E-0003  0.000000E+0000  8.450412E-0003  1.721646E-0002  3.689952E-0003  1.418953E-0002  1.422721E-0002  1.898653E-0002  3.091490E-0002  4.607724E-0002  3.242575E-0002  2.996367E-0002  2.575943E-0002  3.189745E-0002  5.361283E-0003  2.154318E-0002  1.907465E-0002  3.720685E-0002  9.850222E-0003  4.308185E-0002  6.629076E-0003  1.027578E-0002  2.204891E-0002  2.620299E-0002  2.265092E-0002  1.027322E-0002  1.130252E-0002  1.273566E-0002  1.236964E-0002  2.948419E-0003  1.093664E-0002  2.878652E-0002  6.606008E-0003  5.855431E-0003  5.064251E-0003  6.468577E-0003  5.012575E-0003  1.454371E-0002  4.065864E-0002  2.030364E-0002  5.470198E-0003  2.521443E-0002  5.145398E-0002  3.946156E-0002  5.704723E-0003  1.195590E-0002  3.989204E-0002  1.089000E-0002  3.419631E-0002  7.727143E-0002  3.129791E-0002  6.219890E-0003  1.154638E-0002  4.044945E-0002  1.108088E-0002  5.641358E-0002  1.202680E-0002  5.329686E-0002  1.050923E-0002  6.606008E-0002  2.324776E-0002  1.730838E-0002  1.838153E-0002  3.309188E-0002  8.186760E-0003  3.571939E-0003  3.201505E-0002  2.097413E-0002  1.602911E-0002  6.324556E-0003  2.486029E-0002  4.396302E-0003  1.500829E-0003
  6.592169E-0003  3.182515E-0003  4.482016E-0003  9.909879E-0003  1.370861E-0002  2.898660E-0002  2.494298E-0002  1.729329E-0002  8.450412E-0003  0.000000E+0000  1.491861E-0002  1.229023E-0002  2.647001E-0002  1.456419E-0002  1.575733E-0002  3.927934E-0002  2.977258E-0002  2.407832E-0002  2.954294E-0002  1.401987E-0002  1.681882E-0002  3.377860E-0003  1.267284E-0002  1.900098E-0002  1.426799E-0002  5.815255E-0003  2.163766E-0002  7.847633E-0003  2.716516E-0003  1.849939E-0002  1.370307E-0002  9.691509E-0003  8.350800E-0003  4.996247E-0003  5.263666E-0003  3.989889E-0003  4.534847E-0003  5.107514E-0003  1.201507E-0002  4.316511E-0003  4.563320E-0003  4.367004E-0003  4.813035E-0003  4.189013E-0003  1.512148E-0002  2.959239E-0002  1.295204E-0002  1.383358E-0002  4.680770E-0003  1.546347E-0002  1.569751E-0002  1.212013E-0002  6.363971E-0003  1.334846E-0002  6.511861E-0003  3.357991E-0002  3.763830E-0002  1.004878E-0002  9.698426E-0003  9.131903E-0003  7.188020E-0003  7.070254E-0003  1.396491E-0002  9.927976E-0003  4.792137E-0002  1.423477E-0002  2.151364E-0002  9.567140E-0003  1.017984E-0002  1.545773E-0002  1.126140E-0002  1.225176E-0002  3.673972E-0003  2.692966E-0002  1.338615E-0002  1.568132E-0002  4.264785E-0003  8.863638E-0003  9.889280E-0004  3.252923E-0003
  9.272269E-0003  9.557839E-0003  6.988525E-0003  1.717819E-0002  8.318941E-0003  3.343329E-0002  2.594913E-0002  2.236324E-0002  1.721646E-0002  1.491861E-0002  0.000000E+0000  1.803042E-0002  2.076739E-0002  8.614628E-0003  4.731186E-0003  4.264469E-0002  4.783130E-0002  2.005336E-0002  3.342284E-0002  2.065762E-0002  2.047830E-0002  7.933555E-0003  1.443660E-0002  3.961845E-0002  2.219020E-0002  3.613179E-0003  2.469942E-0002  7.822924E-0003  4.187379E-0003  1.387911E-0002  1.585015E-0002  2.027658E-0002  6.725914E-0003  3.409862E-0003  2.928338E-0003  5.606301E-0003  3.576339E-0003  2.049637E-0003  1.014980E-0002  8.877505E-0003  1.072367E-0002  7.792732E-0003  7.920363E-0003  1.023551E-0002  1.268203E-0002  2.651055E-0002  7.812392E-0003  2.014879E-0002  1.743120E-0003  9.851750E-0003  1.192054E-0002  1.470333E-0002  2.796355E-0003  1.686690E-0002  6.895552E-0003  4.860247E-0002  1.456632E-0002  1.177302E-0002  9.320964E-0003  1.538869E-0002  7.229473E-0003  1.291564E-0002  9.202227E-0003  8.349733E-0003  2.100174E-0002  1.060599E-0002  9.767153E-0003  5.712960E-0003  1.709322E-0002  1.036618E-0002  1.090641E-0002  1.620881E-0002  4.048969E-0003  2.121572E-0002  6.279257E-0003  7.194752E-0003  4.533143E-0003  3.688674E-0003  8.490927E-0004  2.575495E-0003
  1.952704E-0002  9.391447E-0003  8.326507E-0003  1.423171E-0002  4.392547E-0003  2.178288E-0002  3.603291E-0002  1.578894E-0002  3.689952E-0003  1.229023E-0002  1.803042E-0002  0.000000E+0000  1.180031E-0002  1.436025E-0002  1.088993E-0002  4.366833E-0002  4.218558E-0002  1.442680E-0002  5.011186E-0002  9.437510E-0003  2.297983E-0002  3.342665E-0003  1.489367E-0002  1.125047E-0002  3.398392E-0002  5.941582E-0003  2.817860E-0002  1.735196E-0002  2.497660E-0003  3.384323E-0002  2.535055E-0002  2.286137E-0002  2.555512E-0002  2.531515E-0002  3.811572E-0003  1.526702E-0003  4.849719E-0003  4.018659E-0003  3.299989E-0002  1.142571E-0002  1.478061E-0002  9.227409E-0003  4.263777E-0003  9.498115E-0003  1.661778E-0002  1.823222E-0002  2.939374E-0003  1.109585E-0002  1.591633E-0002  1.514174E-0002  9.819567E-0003  1.160643E-0002  8.910460E-0003  2.247218E-0002  5.946144E-0003  2.557544E-0002  2.310311E-0002  1.318642E-0002  1.932046E-0002  1.767593E-0002  1.991789E-0002  9.747688E-0003  2.038142E-0002  8.756356E-0003  1.964312E-0002  4.317469E-0003  1.777496E-0002  8.996581E-0003  2.371313E-0003  2.925273E-0002  1.322764E-0002  1.768803E-0002  4.293516E-0003  1.310013E-0002  7.715234E-0003  8.129536E-0003  8.374605E-0003  3.144478E-0003  8.362460E-0003  5.711528E-0003
  7.566343E-0003  1.791856E-0002  1.625779E-0002  1.968540E-0002  1.176396E-0002  2.222831E-0002  1.436249E-0002  1.205522E-0002  1.418953E-0002  2.647001E-0002  2.076739E-0002  1.180031E-0002  0.000000E+0000  1.476378E-0002  2.201342E-0002  1.567204E-0002  2.020843E-0002  7.746486E-0003  8.530253E-0003  1.023548E-0002  1.720950E-0002  6.480340E-0003  8.398785E-0003  1.852244E-0002  1.079306E-0002  8.369762E-0003  1.593468E-0002  6.188123E-0003  4.404388E-0003  9.990369E-0003  9.588399E-0003  9.272525E-0003  7.546881E-0003  3.305774E-0003  1.364165E-0002  1.799799E-0002  5.504254E-0003  1.239363E-0002  1.624009E-0002  1.285332E-0002  1.286384E-0002  8.054129E-0003  1.299708E-0002  8.370112E-0003  1.836540E-0002  3.642670E-0002  2.253100E-0002  9.357260E-0003  2.772154E-0002  5.832717E-0002  4.012467E-0002  7.112161E-0003  1.912381E-0002  4.204559E-0002  9.107854E-0003  2.994511E-0002  7.756165E-0002  3.385898E-0002  6.053114E-0003  8.377309E-0003  5.259897E-0002  1.298212E-0002  6.252737E-0002  3.634997E-0003  4.418746E-0002  8.079950E-0003  6.173715E-0002  2.235651E-0002  2.548352E-0002  1.070099E-0002  3.260837E-0002  3.519577E-0003  4.261093E-0003  3.769497E-0002  1.574981E-0002  1.162655E-0002  6.526781E-0003  2.211165E-0002  4.312240E-0003  3.889999E-0003
  1.151498E-0002  8.976254E-0003  7.458966E-0003  1.382334E-0002  7.994940E-0003  3.963640E-0002  4.134642E-0002  1.676094E-0002  1.422721E-0002  1.456419E-0002  8.614628E-0003  1.436025E-0002  1.476378E-0002  0.000000E+0000  1.535827E-0002  2.075031E-0002  2.905355E-0002  2.163618E-0002  2.019606E-0002  1.213317E-0002  2.275397E-0002  6.786813E-0003  1.475218E-0002  2.319070E-0002  2.171008E-0002  1.126615E-0002  2.823748E-0002  1.043184E-0002  7.798424E-0003  9.435783E-0003  1.821985E-0002  1.320620E-0002  1.173486E-0002  5.636239E-0003  7.685328E-0003  8.762924E-0003  3.972728E-0003  8.515720E-0003  1.803775E-0002  1.250345E-0002  9.216563E-0003  8.189810E-0003  6.299047E-0003  7.138204E-0003  8.246679E-0003  3.896251E-0002  1.850805E-0002  1.577641E-0002  1.731069E-0002  4.216047E-0002  3.443895E-0002  1.419616E-0002  9.358887E-0003  3.721660E-0002  1.037889E-0002  4.498776E-0002  5.973795E-0002  2.552129E-0002  1.312224E-0002  1.439388E-0002  3.187808E-0002  1.526667E-0002  4.800347E-0002  9.038200E-0003  4.016049E-0002  1.541431E-0002  5.445543E-0002  2.351830E-0002  2.582960E-0002  8.992336E-0003  3.457905E-0002  1.157584E-0002  4.815888E-0003  3.352108E-0002  1.007425E-0002  1.101522E-0002  8.934290E-0003  1.025686E-0002  5.094870E-0003  4.230968E-0003
  6.189523E-0003  5.720975E-0003  3.768023E-0003  1.277712E-0002  1.195637E-0002  5.244764E-0002  4.040850E-0002  1.687012E-0002  1.898653E-0002  1.575733E-0002  4.731186E-0003  1.088993E-0002  2.201342E-0002  1.535827E-0002  0.000000E+0000  1.753606E-0002  3.885720E-0002  2.326925E-0002  1.693066E-0002  1.694353E-0002  1.979544E-0002  6.831355E-0003  1.169789E-0002  3.189418E-0002  2.433922E-0002  4.646087E-0003  2.978994E-0002  5.423320E-0003  4.260939E-0003  8.419970E-0003  1.641281E-0002  1.053564E-0002  7.358260E-0003  2.461681E-0003  1.611721E-0003  3.501475E-0003  1.963891E-0003  3.185245E-0003  1.200886E-0002  4.834459E-0003  2.582107E-0003  4.724675E-0003  3.600248E-0003  5.062405E-0003  6.266677E-0003  5.548565E-0003  2.294251E-0003  1.336373E-0002  2.989028E-0003  1.102063E-0002  6.770915E-0003  9.921915E-0003  2.028925E-0003  9.206444E-0003  7.933938E-0003  2.279163E-0002  6.329381E-0003  1.093536E-0002  6.325659E-0003  8.345262E-0003  5.081575E-0003  7.293432E-0003  8.752178E-0003  5.603021E-0003  3.881470E-0003  4.909821E-0003  7.230227E-0003  5.675434E-0003  1.003124E-0002  4.246225E-0003  4.812863E-0003  1.092480E-0002  3.786900E-0003  7.296846E-0003  4.492510E-0003  4.547523E-0003  5.269840E-0003  3.767994E-0003  1.817146E-0003  2.807381E-0003
  9.638020E-0002  7.704700E-0002  5.808040E-0002  8.027678E-0002  1.240442E-0002  1.151280E-0002  7.526384E-0003  2.791002E-0002  3.091490E-0002  3.927934E-0002  4.264469E-0002  4.366833E-0002  1.567204E-0002  2.075031E-0002  1.753606E-0002  0.000000E+0000  1.282027E-0002  1.425268E-0002  1.584822E-0002  2.616649E-0002  1.120399E-0002  1.708975E-0002  1.176226E-0002  2.056679E-0002  1.082155E-0002  1.671934E-0002  7.451728E-0003  1.198702E-0002  1.252106E-0002  4.036395E-0002  8.329237E-0003  1.676052E-0002  1.370922E-0002  1.283080E-0002  1.221496E-0002  1.828207E-0002  2.597849E-0002  1.604480E-0002  9.802121E-0003  1.146616E-0002  8.909042E-0002  8.479582E-0002  7.880196E-0002  8.218803E-0002  1.669108E-0002  2.796066E-0002  2.145042E-0002  5.468428E-0002  3.078910E-0002  4.383868E-0002  2.581131E-0002  2.901491E-0002  3.853849E-0002  2.061908E-0002  1.943377E-0002  5.927020E-0002  2.446567E-0002  4.178485E-0002  1.443520E-0002  7.015879E-0002  3.318908E-0003  7.412624E-0002  7.233388E-0003  9.525697E-0003  2.982025E-0002  7.319927E-0002  3.461085E-0002  1.335081E-0002  5.381029E-0002  5.670583E-0002  2.878997E-0002  3.255732E-0002  6.096979E-0003  1.687710E-0002  2.357803E-0002  4.248690E-0002  4.040729E-0002  1.500976E-0002  4.265376E-0003  2.759556E-0002
  7.509433E-0002  7.465466E-0002  5.529806E-0002  6.792235E-0002  1.916629E-0002  2.261805E-0002  1.313617E-0002  2.881536E-0002  4.607724E-0002  2.977258E-0002  4.783130E-0002  4.218558E-0002  2.020843E-0002  2.905355E-0002  3.885720E-0002  1.282027E-0002  0.000000E+0000  1.073630E-0002  1.737956E-0002  1.715922E-0002  8.314988E-0003  1.894574E-0002  1.075390E-0002  2.637498E-0002  1.283282E-0002  1.065450E-0002  1.760117E-0002  1.165468E-0002  1.013733E-0002  3.125610E-0002  1.700281E-0002  1.757054E-0002  1.243972E-0002  2.312163E-0002  8.043443E-0003  2.716546E-0002  2.744699E-0002  3.274038E-0003  6.170289E-0003  6.981749E-0003  6.613113E-0002  7.706137E-0002  7.280307E-0002  6.968665E-0002  2.874877E-0002  2.226440E-0002  2.151746E-0002  5.243886E-0002  3.499053E-0002  4.937879E-0002  2.691663E-0002  2.792734E-0002  3.604578E-0002  2.209383E-0002  1.919942E-0002  4.318695E-0002  2.460809E-0002  3.939576E-0002  1.444806E-0002  6.678575E-0002  1.056028E-0002  6.964309E-0002  1.373861E-0002  2.468330E-0002  3.223957E-0002  6.729667E-0002  3.934053E-0002  7.940312E-0003  6.075270E-0002  4.133451E-0002  2.478079E-0002  2.617166E-0002  3.947266E-0003  2.010249E-0002  2.537591E-0002  4.691384E-0002  3.808330E-0002  2.656564E-0002  6.328291E-0003  2.384908E-0002
  1.663302E-0002  2.458370E-0002  2.278697E-0002  2.010241E-0002  1.514844E-0002  1.426561E-0002  8.391731E-0003  1.779854E-0002  3.242575E-0002  2.407832E-0002  2.005336E-0002  1.442680E-0002  7.746486E-0003  2.163618E-0002  2.326925E-0002  1.425268E-0002  1.073630E-0002  0.000000E+0000  1.405799E-0002  9.068963E-0003  1.412671E-0002  5.184367E-0003  5.817744E-0003  9.596055E-0003  6.793056E-0003  6.320799E-0003  1.139995E-0002  1.499590E-0002  4.654557E-0003  1.546994E-0002  1.016115E-0002  9.405966E-0003  7.538812E-0003  9.832539E-0003  6.122331E-0003  7.082102E-0003  1.229153E-0002  9.192548E-0003  3.964623E-0003  6.658849E-0003  1.500161E-0002  2.025366E-0002  3.027311E-0002  1.854534E-0002  1.954367E-0002  7.070906E-0003  8.377122E-0003  1.677768E-0002  1.228656E-0002  1.773641E-0002  9.334994E-0003  8.110147E-0003  1.056694E-0002  9.902509E-0003  7.291270E-0003  1.166976E-0002  8.507645E-0003  1.004271E-0002  6.379801E-0003  1.996703E-0002  3.686391E-0003  2.073290E-0002  5.103652E-0003  1.217970E-0002  4.045250E-0003  1.709984E-0002  1.098560E-0002  4.846168E-0003  1.501530E-0002  1.165424E-0002  1.018810E-0002  6.985982E-0003  3.587733E-0003  9.554517E-0003  3.496339E-0003  1.344274E-0002  1.581806E-0002  1.196439E-0002  4.294802E-0003  9.298482E-0003
  8.449776E-0002  6.368887E-0002  4.666072E-0002  6.537568E-0002  1.303870E-0002  2.282892E-0002  1.975983E-0002  3.626073E-0002  2.996367E-0002  2.954294E-0002  3.342284E-0002  5.011186E-0002  8.530253E-0003  2.019606E-0002  1.693066E-0002  1.584822E-0002  1.737956E-0002  1.405799E-0002  0.000000E+0000  1.609960E-0002  8.687731E-0003  1.363050E-0002  1.198626E-0002  3.658380E-0002  9.198137E-0003  8.555165E-0003  9.612697E-0003  1.610588E-0002  3.372158E-0003  3.080277E-0002  6.562711E-0003  1.230385E-0002  1.157351E-0002  1.223706E-0002  1.090884E-0002  2.235481E-0002  2.627416E-0002  5.523844E-0003  4.493737E-0003  1.169917E-0002  7.903574E-0002  7.041392E-0002  6.386371E-0002  7.129008E-0002  1.703924E-0002  2.685841E-0002  2.049307E-0002  5.756191E-0002  2.488890E-0002  3.843756E-0002  1.953866E-0002  3.212099E-0002  2.727013E-0002  2.563161E-0002  1.330993E-0002  5.347653E-0002  2.943769E-0002  3.591720E-0002  1.131345E-0002  6.276552E-0002  4.890202E-0003  6.621768E-0002  8.899342E-0003  6.868435E-0003  3.028107E-0002  6.612474E-0002  3.621727E-0002  1.659325E-0002  5.702207E-0002  4.625832E-0002  3.168454E-0002  2.780721E-0002  5.485074E-0003  2.376477E-0002  2.368195E-0002  4.306434E-0002  3.256195E-0002  2.070718E-0002  4.493343E-0003  2.242815E-0002
  1.487224E-0002  2.319039E-0002  3.119018E-0002  2.184239E-0002  1.720129E-0002  1.851938E-0002  3.320707E-0002  1.040481E-0002  2.575943E-0002  1.401987E-0002  2.065762E-0002  9.437510E-0003  1.023548E-0002  1.213317E-0002  1.694353E-0002  2.616649E-0002  1.715922E-0002  9.068963E-0003  1.609960E-0002  0.000000E+0000  1.916794E-0002  7.076070E-0003  1.641398E-0002  3.064752E-0002  1.006206E-0002  6.545246E-0003  9.595227E-0003  1.868514E-0002  6.019026E-0003  2.255212E-0002  1.451635E-0002  9.240293E-0003  1.181422E-0002  1.185594E-0002  1.210142E-0002  1.780281E-0002  1.498525E-0002  1.482927E-0002  2.716869E-0002  2.799804E-0002  1.907173E-0002  1.242857E-0002  1.946647E-0002  1.273329E-0002  3.115184E-0002  4.935936E-0002  2.290348E-0002  8.645850E-0003  3.780237E-0002  8.689380E-0002  5.775133E-0002  5.825144E-0003  2.664684E-0002  5.490288E-0002  6.640403E-0003  2.877629E-0002  1.004405E-0001  5.718636E-0002  1.221587E-0002  1.582616E-0002  7.723574E-0002  2.326301E-0002  8.082162E-0002  3.794556E-0003  6.557284E-0002  8.400995E-0003  7.579726E-0002  2.267014E-0002  4.808635E-0002  2.206186E-0002  5.020959E-0002  4.637537E-0003  7.124037E-0003  5.180106E-0002  1.083720E-0002  7.444678E-0003  6.606993E-0003  3.045098E-0002  7.254728E-0003  7.183915E-0003
  2.767652E-0002  3.731659E-0002  3.204955E-0002  3.443713E-0002  1.758468E-0002  2.321953E-0002  1.456222E-0002  1.622726E-0002  3.189745E-0002  1.681882E-0002  2.047830E-0002  2.297983E-0002  1.720950E-0002  2.275397E-0002  1.979544E-0002  1.120399E-0002  8.314988E-0003  1.412671E-0002  8.687731E-0003  1.916794E-0002  0.000000E+0000  1.709452E-0002  1.442834E-0002  1.518807E-0002  4.034028E-0003  8.333436E-0003  1.453084E-0002  1.386940E-0002  8.438053E-0003  5.917909E-0003  4.859378E-0003  4.501840E-0003  6.971714E-0003  1.092314E-0002  3.720493E-0003  8.899629E-0003  1.125379E-0002  8.652798E-0004  9.656899E-0004  3.109228E-0003  2.827812E-0002  2.823379E-0002  3.156823E-0002  2.955159E-0002  2.780595E-0002  1.020923E-0002  9.856188E-0003  2.358241E-0002  1.251763E-0002  1.884027E-0002  9.371171E-0003  1.233627E-0002  5.918482E-0003  1.708069E-0002  2.801000E-0003  1.838277E-0002  1.941380E-0002  1.419767E-0002  8.573011E-0003  3.261777E-0002  2.487272E-0003  3.435491E-0002  3.932449E-0003  1.323824E-0002  1.027107E-0002  2.745982E-0002  1.611606E-0002  3.889664E-0003  3.196262E-0002  8.596071E-0003  2.125656E-0002  5.899597E-0003  6.580607E-0003  1.737619E-0002  6.837117E-0003  1.018049E-0002  1.586414E-0002  1.501689E-0002  7.495278E-0003  7.922101E-0003
  1.413485E-0003  1.390007E-0003  1.053540E-0003  2.437057E-0003  4.151990E-0003  4.319856E-0003  2.596057E-0003  2.926955E-0003  5.361283E-0003  3.377860E-0003  7.933555E-0003  3.342665E-0003  6.480340E-0003  6.786813E-0003  6.831355E-0003  1.708975E-0002  1.894574E-0002  5.184367E-0003  1.363050E-0002  7.076070E-0003  1.709452E-0002  0.000000E+0000  7.057655E-0003  4.088286E-0003  7.409402E-0003  4.428846E-0003  6.192244E-0003  1.147656E-0002  2.839594E-0003  1.832846E-0002  2.424014E-0003  8.611275E-0003  8.111623E-0003  5.241971E-0003  8.338886E-0003  9.211536E-0003  2.845854E-0003  6.703477E-0003  5.370298E-0003  2.171232E-0003  2.397643E-0003  2.425905E-0003  2.152402E-0003  2.758316E-0003  1.704263E-0002  1.912161E-0002  6.122966E-0003  2.900400E-0003  5.681190E-0003  1.763031E-0002  1.820169E-0002  2.255677E-0003  5.589809E-0003  8.119026E-0003  9.921966E-0003  2.946974E-0002  3.098469E-0002  8.514355E-0003  5.314814E-0003  7.286835E-0003  1.148482E-0002  1.360837E-0002  1.833088E-0002  2.885779E-0003  3.078183E-0002  3.742535E-0003  2.250098E-0002  1.291114E-0002  1.052578E-0002  1.863615E-0002  1.805819E-0002  6.847812E-0003  8.928914E-0004  3.466780E-0002  9.418814E-0003  7.428065E-0003  6.467198E-0003  6.063941E-0003  3.403306E-0003  6.642720E-0003
  2.133491E-0002  2.401732E-0002  1.681298E-0002  2.029417E-0002  1.207540E-0002  8.981002E-0003  2.274914E-0003  1.099366E-0002  2.154318E-0002  1.267284E-0002  1.443660E-0002  1.489367E-0002  8.398785E-0003  1.475218E-0002  1.169789E-0002  1.176226E-0002  1.075390E-0002  5.817744E-0003  1.198626E-0002  1.641398E-0002  1.442834E-0002  7.057655E-0003  0.000000E+0000  1.446191E-0002  2.283897E-0003  6.721641E-0003  1.028353E-0002  1.262502E-0002  4.559050E-0003  1.252131E-0002  2.113140E-0003  9.168471E-0003  8.015523E-0003  1.018078E-0002  5.774395E-0003  4.384664E-0003  9.538436E-0003  3.327676E-0003  4.899686E-0003  6.181226E-0003  1.981227E-0002  2.126696E-0002  2.102529E-0002  2.114322E-0002  1.611946E-0002  1.197218E-0002  8.775823E-0003  1.468929E-0002  1.300750E-0002  1.483129E-0002  2.489107E-0002  1.173749E-0002  9.354234E-0003  1.015111E-0002  1.009287E-0002  1.922413E-0002  1.239628E-0002  1.125554E-0002  4.307337E-0003  1.722085E-0002  5.450048E-0003  1.638573E-0002  1.407770E-0002  1.232596E-0002  1.086628E-0002  1.953877E-0002  8.873995E-0003  1.645585E-0002  1.311752E-0002  1.197221E-0002  1.017837E-0002  8.152739E-0003  1.767095E-0003  1.444003E-0002  4.025833E-0003  6.975823E-0003  9.852773E-0003  5.472163E-0003  1.856697E-0003  5.410208E-0003
  4.530271E-0002  3.419459E-0002  2.896534E-0002  3.611096E-0002  1.428283E-0002  2.604003E-0002  2.571575E-0002  1.020139E-0002  1.907465E-0002  1.900098E-0002  3.961845E-0002  1.125047E-0002  1.852244E-0002  2.319070E-0002  3.189418E-0002  2.056679E-0002  2.637498E-0002  9.596055E-0003  3.658380E-0002  3.064752E-0002  1.518807E-0002  4.088286E-0003  1.446191E-0002  0.000000E+0000  2.233229E-0002  1.084110E-0002  3.129472E-0002  1.701821E-0002  3.256674E-0003  3.547190E-0002  2.160835E-0002  2.355166E-0002  2.103795E-0002  1.508758E-0002  7.715079E-0003  1.290537E-0002  1.647738E-0002  9.681698E-0003  1.178750E-0002  7.928071E-0003  4.479008E-0002  3.457959E-0002  3.550909E-0002  4.197091E-0002  3.005259E-0002  2.846087E-0002  1.336890E-0002  2.940401E-0002  9.367134E-0003  2.600254E-0002  1.783144E-0002  1.666786E-0002  2.192157E-0002  1.203062E-0002  9.474550E-0003  3.044895E-0002  2.847533E-0002  1.706726E-0002  2.720724E-0002  2.135402E-0002  1.390113E-0003  2.709535E-0002  4.276943E-0003  2.449904E-0002  2.554237E-0002  3.935188E-0002  2.238140E-0002  1.081862E-0002  2.195520E-0002  3.576216E-0002  2.192802E-0002  2.825353E-0002  5.987823E-0003  1.958934E-0002  1.094705E-0002  2.125535E-0002  1.903850E-0002  1.505414E-0002  2.479117E-0003  1.209200E-0002
  4.046443E-0002  4.911462E-0002  2.896352E-0002  4.193101E-0002  1.203386E-0002  1.676230E-0002  1.319132E-0002  3.061710E-0002  3.720685E-0002  1.426799E-0002  2.219020E-0002  3.398392E-0002  1.079306E-0002  2.171008E-0002  2.433922E-0002  1.082155E-0002  1.283282E-0002  6.793056E-0003  9.198137E-0003  1.006206E-0002  4.034028E-0003  7.409402E-0003  2.283897E-0003  2.233229E-0002  0.000000E+0000  2.921213E-0003  8.325703E-0003  9.616286E-0003  2.785021E-0003  9.359202E-0003  5.265214E-0003  6.805581E-0003  2.119784E-0003  7.814717E-0003  6.135020E-0003  1.221937E-0002  1.292082E-0002  8.241206E-0003  6.155476E-0003  4.509585E-0003  3.723702E-0002  4.555844E-0002  3.429028E-0002  5.169054E-0002  2.220833E-0002  1.576182E-0002  9.478960E-0003  4.578830E-0002  1.926752E-0002  2.423094E-0002  1.350786E-0002  2.650390E-0002  1.274032E-0002  2.170358E-0002  6.638121E-0003  1.905577E-0002  1.262686E-0002  2.220130E-0002  4.954066E-0003  4.101599E-0002  2.679281E-0003  4.144665E-0002  7.845622E-0003  7.091151E-0003  1.414143E-0002  3.598788E-0002  2.687471E-0002  7.817846E-0003  4.215346E-0002  1.690626E-0002  1.897712E-0002  1.185335E-0002  1.077955E-0002  1.304639E-0002  1.920468E-0002  2.873155E-0002  1.878577E-0002  1.228122E-0002  3.582970E-0003  1.282803E-0002
  4.490198E-0003  5.239022E-0003  5.877356E-0003  1.029228E-0002  5.440801E-0003  1.000718E-0002  1.212512E-0002  9.990728E-0003  9.850222E-0003  5.815255E-0003  3.613179E-0003  5.941582E-0003  8.369762E-0003  1.126615E-0002  4.646087E-0003  1.671934E-0002  1.065450E-0002  6.320799E-0003  8.555165E-0003  6.545246E-0003  8.333436E-0003  4.428846E-0003  6.721641E-0003  1.084110E-0002  2.921213E-0003  0.000000E+0000  7.013054E-0003  4.191675E-0003  4.623490E-0003  6.661539E-0003  7.257720E-0003  3.992255E-0003  4.203349E-0003  3.000206E-0003  9.141966E-0003  1.497031E-0002  5.692773E-0003  7.056911E-0003  1.453609E-0002  9.444355E-0003  7.869354E-0003  5.493682E-0003  5.214583E-0003  4.990250E-0003  1.356681E-0002  3.404624E-0002  1.154093E-0002  5.187790E-0003  1.759095E-0002  5.333520E-0002  3.620245E-0002  4.131131E-0003  1.503855E-0002  2.691563E-0002  1.279811E-0002  3.209849E-0002  6.838969E-0002  2.918448E-0002  4.534659E-0003  8.506349E-0003  4.568876E-0002  1.531574E-0002  6.009890E-0002  3.430406E-0003  4.136305E-0002  1.904378E-0002  6.549847E-0002  3.085987E-0002  1.998988E-0002  8.247386E-0003  4.528970E-0002  2.831130E-0003  5.132612E-0003  4.611408E-0002  6.051336E-0003  5.799027E-0003  2.598531E-0003  8.429928E-0003  1.602608E-0003  3.562405E-0003
  3.212752E-0002  4.801858E-0002  3.037528E-0002  3.905753E-0002  9.743281E-0003  3.832633E-0002  2.894196E-0002  2.447363E-0002  4.308185E-0002  2.163766E-0002  2.469942E-0002  2.817860E-0002  1.593468E-0002  2.823748E-0002  2.978994E-0002  7.451728E-0003  1.760117E-0002  1.139995E-0002  9.612697E-0003  9.595227E-0003  1.453084E-0002  6.192244E-0003  1.028353E-0002  3.129472E-0002  8.325703E-0003  7.013054E-0003  0.000000E+0000  6.336424E-0003  4.329299E-0003  4.309077E-0003  1.091111E-0002  3.395128E-0003  3.537632E-0003  1.239017E-0002  8.850593E-0003  1.748543E-0002  6.526432E-0003  9.608675E-0003  8.048958E-0003  4.513589E-0003  3.040558E-0002  3.818753E-0002  2.828464E-0002  4.312867E-0002  2.143240E-0002  2.721245E-0002  4.360872E-0003  3.719924E-0002  9.811731E-0003  1.688810E-0002  7.455439E-0003  2.206376E-0002  8.059310E-0003  2.599355E-0002  6.298449E-0003  8.668405E-0003  1.394520E-0002  2.242386E-0002  5.182832E-0003  3.912727E-0002  2.618918E-0003  4.265678E-0002  1.169516E-0003  3.103113E-0003  1.415781E-0002  4.371493E-0002  1.882531E-0002  2.166006E-0003  4.693648E-0002  5.181291E-0003  2.906577E-0002  7.764039E-0003  5.912262E-0003  1.141433E-0002  1.703240E-0002  2.468380E-0002  1.276974E-0002  1.842480E-0002  2.760774E-0003  8.768739E-0003
  1.085455E-0002  1.136418E-0002  8.455729E-0003  1.404402E-0002  6.513732E-0003  1.693040E-0002  1.172620E-0002  1.437588E-0002  6.629076E-0003  7.847633E-0003  7.822924E-0003  1.735196E-0002  6.188123E-0003  1.043184E-0002  5.423320E-0003  1.198702E-0002  1.165468E-0002  1.499590E-0002  1.610588E-0002  1.868514E-0002  1.386940E-0002  1.147656E-0002  1.262502E-0002  1.701821E-0002  9.616286E-0003  4.191675E-0003  6.336424E-0003  0.000000E+0000  5.003024E-0003  1.028279E-0002  6.535988E-0003  7.311953E-0003  2.140915E-0003  3.748937E-0003  6.928386E-0003  8.526859E-0003  1.137600E-0002  8.846952E-0003  1.231821E-0002  1.846736E-0002  8.531485E-0003  1.239404E-0002  8.399845E-0003  1.233228E-0002  6.064705E-0003  9.698790E-0003  4.314571E-0003  1.773665E-0002  5.099804E-0003  1.324048E-0002  7.447870E-0003  1.168195E-0002  8.688944E-0003  9.882890E-0003  6.922949E-0003  1.242848E-0002  8.516972E-0003  1.442167E-0002  1.712382E-0003  1.926450E-0002  9.476139E-0003  1.678111E-0002  8.457773E-0003  3.441715E-0003  8.589001E-0003  9.952951E-0003  1.142310E-0002  1.043105E-0002  1.120990E-0002  8.044109E-0003  1.025990E-0002  5.121034E-0003  1.991329E-0003  1.554819E-0002  7.618956E-0003  6.536057E-0003  5.854643E-0003  5.922207E-0003  4.973156E-0003  3.996246E-0003
  2.994071E-0003  1.946442E-0003  2.758857E-0003  7.954124E-0003  5.693189E-0003  2.471883E-0003  5.699200E-0003  4.475371E-0003  1.027578E-0002  2.716516E-0003  4.187379E-0003  2.497660E-0003  4.404388E-0003  7.798424E-0003  4.260939E-0003  1.252106E-0002  1.013733E-0002  4.654557E-0003  3.372158E-0003  6.019026E-0003  8.438053E-0003  2.839594E-0003  4.559050E-0003  3.256674E-0003  2.785021E-0003  4.623490E-0003  4.329299E-0003  5.003024E-0003  0.000000E+0000  8.642006E-0003  6.467386E-0003  3.542807E-0003  3.921055E-0003  1.632109E-0003  9.509525E-0003  1.491919E-0002  5.333512E-0003  6.657690E-0003  9.742454E-0003  7.959696E-0003  4.384803E-0003  6.008674E-0003  2.840251E-0003  4.966243E-0003  1.485566E-0002  3.152526E-0002  8.407440E-0003  2.600697E-0003  1.545069E-0002  4.735790E-0002  3.101633E-0002  2.321240E-0003  1.266764E-0002  2.181634E-0002  1.305206E-0002  3.334690E-0002  6.665447E-0002  2.715922E-0002  1.545451E-0003  7.204106E-0003  3.762638E-0002  1.280207E-0002  4.755425E-0002  3.441281E-0003  4.640458E-0002  7.195266E-0003  5.586175E-0002  2.468462E-0002  1.726479E-0002  9.920083E-0003  3.627080E-0002  2.354098E-0003  3.434370E-0003  4.444120E-0002  7.566584E-0003  4.201612E-0003  4.306515E-0003  9.852368E-0003  1.097940E-0003  4.168684E-0003
  4.330855E-0002  4.247119E-0002  2.468246E-0002  4.187485E-0002  8.448093E-0003  1.571922E-0002  1.821238E-0002  2.524676E-0002  2.204891E-0002  1.849939E-0002  1.387911E-0002  3.384323E-0002  9.990369E-0003  9.435783E-0003  8.419970E-0003  4.036395E-0002  3.125610E-0002  1.546994E-0002  3.080277E-0002  2.255212E-0002  5.917909E-0003  1.832846E-0002  1.252131E-0002  3.547190E-0002  9.359202E-0003  6.661539E-0003  4.309077E-0003  1.028279E-0002  8.642006E-0003  0.000000E+0000  1.138814E-0002  9.750894E-0003  7.772824E-0003  1.005506E-0002  9.445720E-0003  2.971196E-0002  2.121011E-0002  5.318368E-0003  9.966437E-0003  3.586320E-0003  4.167403E-0002  3.819602E-0002  3.902884E-0002  4.511286E-0002  1.476486E-0002  1.616769E-0002  1.096583E-0002  4.151675E-0002  1.844320E-0002  2.129027E-0002  9.441786E-0003  2.480393E-0002  1.152420E-0002  1.960489E-0002  7.577900E-0003  4.242864E-0002  2.584570E-0002  2.147431E-0002  6.045606E-0003  5.371155E-0002  2.444916E-0003  5.744584E-0002  5.072671E-0003  3.273894E-0003  3.935185E-0002  4.337584E-0002  1.941071E-0002  4.071534E-0003  5.792213E-0002  1.856874E-0002  2.519455E-0002  1.787345E-0002  6.658607E-0003  2.311652E-0002  1.827648E-0002  3.368630E-0002  2.408549E-0002  1.515959E-0002  6.928773E-0003  1.533917E-0002
