6661999 = Ignore first line (new format code)
File name: C:\Users\gordillo\Desktop\local_loreta\sub-010003_EC-ROIlaggedPhase-crss.txt
1 = Number of time frames in Time X Frequency decomposition
90 = Number of EEG files
80 = Number Electrodes
500 = Number of time frames in EEG files
512 = Number of time frames in EEG files power of 2
5 = Number of matrices
5 = Band type (1=Classical1; 2=Classical2; 3=DiscreteFreqs; 4=AllDiscreteFreqs; 5=UserDefinedBands)
 1.250000E+0002 = Sampling rate Hz
-1.000000E+0002 = Freq1 Hz
-1.000000E+0002 = Freq2 Hz
 2.441406E-0001 = Frequency resolution Hz

  0.000000E+0000  7.346668E-0003  2.304772E-0003  1.691645E-0002  1.141059E-0002  4.792250E-0003  9.618058E-0003  1.646183E-0002  6.564643E-0003  2.926909E-0003  6.345819E-0003  1.387506E-0002  4.015923E-0003  6.683577E-0003  4.621591E-0003  4.103111E-0002  2.276940E-0002  8.297852E-0003  3.019059E-0002  9.480547E-0003  1.073217E-0002  1.003168E-0003  9.940601E-0003  5.238706E-0003  8.098766E-0003  2.718381E-0003  9.574378E-0003  4.519323E-0003  2.058857E-0003  1.855754E-0002  6.731058E-0003  1.000584E-0002  1.210795E-0002  8.318327E-0003  2.756492E-0003  2.319164E-0003  4.656612E-0003  5.307219E-0003  7.286105E-0003  5.101678E-0003  3.910349E-0003  4.473901E-0003  6.093046E-0003  8.089021E-0003  1.677788E-0002  1.664671E-0002  2.160856E-0002  1.357137E-0002  1.677140E-0003  9.452711E-0003  1.052656E-0002  1.320976E-0002  3.437380E-0003  1.221399E-0002  8.187355E-0003  8.160526E-0003  3.286023E-0003  4.100789E-0003  2.298441E-0002  7.870607E-0003  4.308756E-0003  7.531163E-0003  7.117405E-0003  6.990266E-0003  1.076467E-0002  9.418778E-0003  5.012198E-0003  1.369049E-0002  1.304688E-0002  1.871428E-0002  8.590824E-0003  1.699464E-0002  2.735341E-0003  1.216226E-0002  7.585516E-0003  1.084002E-0002  9.105277E-0003  3.323693E-0003  9.175627E-0003  1.171285E-0002
  7.346668E-0003  0.000000E+0000  1.513325E-0003  4.895274E-0003  1.668636E-0002  4.498271E-0003  6.348799E-0003  6.860581E-0003  9.129154E-0003  4.604847E-0003  1.138237E-0002  8.954761E-0003  1.313558E-0002  8.047407E-0003  7.988041E-0003  2.242841E-0002  2.337859E-0002  1.070576E-0002  1.320154E-0002  1.295140E-0002  1.560451E-0002  4.173109E-0003  9.040852E-0003  2.372336E-0003  1.427247E-0002  6.225057E-0003  1.878186E-0002  4.701114E-0003  5.434797E-0003  1.251305E-0002  8.365529E-0003  7.929379E-0003  9.655997E-0003  5.287448E-0003  5.875031E-0003  4.591315E-0003  3.261265E-0003  4.807958E-0003  5.695866E-0003  5.783983E-0003  6.654778E-0003  4.820636E-0003  1.634485E-0003  5.002181E-0003  1.400993E-0002  1.085985E-0002  1.945303E-0002  3.112812E-0003  6.671983E-0003  4.195112E-0003  6.135541E-0003  4.549179E-0003  2.600861E-0003  1.979689E-0003  3.984763E-0003  1.116836E-0002  5.244583E-0003  3.986655E-0003  1.886724E-0002  1.197712E-0002  3.893333E-0003  7.497230E-0003  4.415786E-0003  8.081377E-0003  1.463124E-0002  1.150498E-0003  2.306001E-0003  4.040722E-0003  3.618846E-0003  1.427198E-0002  6.721753E-0003  1.281328E-0002  1.898568E-0003  1.374192E-0002  9.279183E-0003  6.961141E-0003  3.996176E-0003  8.261445E-0003  7.654544E-0003  5.603403E-0003
  2.304772E-0003  1.513325E-0003  0.000000E+0000  2.839912E-0003  1.151323E-0002  3.908993E-0003  6.798582E-0003  6.016134E-0003  6.764411E-0003  3.402739E-0003  8.991419E-0003  6.669952E-0003  1.594820E-0002  8.089830E-0003  4.820370E-0003  1.894461E-0002  1.620282E-0002  1.736803E-0002  1.006748E-0002  2.845481E-0002  1.491037E-0002  1.398940E-0003  1.055742E-0002  1.781708E-0003  7.695197E-0003  5.932649E-0003  1.113034E-0002  8.010196E-0003  5.432994E-0003  8.975782E-0003  5.278421E-0003  8.781686E-0003  9.076959E-0003  6.847729E-0003  9.267881E-0003  3.846713E-0003  1.391003E-0003  6.377149E-0003  6.215857E-0003  2.894090E-0003  2.790503E-0003  4.189293E-0003  6.947342E-0003  6.004912E-0003  1.917522E-0002  1.473989E-0002  2.349631E-0002  4.845363E-0003  5.896944E-0003  8.522606E-0003  1.078105E-0002  5.472102E-0003  6.268925E-0003  8.136749E-0003  9.690215E-0003  1.378177E-0002  9.905618E-0003  9.099049E-0003  1.179109E-0002  7.322430E-0003  8.365357E-0003  8.132827E-0003  1.471217E-0002  9.431325E-0003  1.423058E-0002  5.350772E-0003  6.906379E-0003  1.390051E-0002  8.127680E-0003  1.044122E-0002  4.298821E-0003  8.827053E-0003  2.905393E-0003  1.931565E-0002  8.760381E-0003  6.858061E-0003  6.636617E-0003  1.753260E-0002  9.678151E-0003  1.007132E-0002
  1.691645E-0002  4.895274E-0003  2.839912E-0003  0.000000E+0000  2.098138E-0002  1.092445E-0002  9.588454E-0003  8.155424E-0003  1.029167E-0002  9.560240E-0003  1.617245E-0002  9.734271E-0003  1.483827E-0002  1.016456E-0002  1.132180E-0002  3.633440E-0002  2.021805E-0002  1.103131E-0002  2.031650E-0002  1.213095E-0002  1.435049E-0002  6.319858E-0003  7.020908E-0003  8.381194E-0003  1.043764E-0002  1.249021E-0002  1.507993E-0002  5.634650E-0003  9.291601E-0003  1.776528E-0002  1.232565E-0002  1.015371E-0002  9.569744E-0003  1.000198E-0002  5.260693E-0003  5.895505E-0003  4.661931E-0003  4.792486E-0003  1.613862E-0002  7.668110E-0003  1.603068E-0002  1.204959E-0002  4.587819E-0003  1.345952E-0002  1.468413E-0002  1.953590E-0002  2.715756E-0002  4.605155E-0003  1.253773E-0002  1.120376E-0002  9.204678E-0003  6.716611E-0003  8.628364E-0003  7.903151E-0003  7.916936E-0003  2.520114E-0002  2.421025E-0002  1.859560E-0002  2.701773E-0002  1.248468E-0002  1.731749E-0002  1.098009E-0002  9.985521E-0003  1.353504E-0002  1.963717E-0002  2.048827E-0003  1.293686E-0002  8.699823E-0003  7.861219E-0003  1.897529E-0002  1.411520E-0002  1.180570E-0002  5.747949E-0003  2.267404E-0002  8.735564E-0003  6.742102E-0003  3.851426E-0003  8.010092E-0003  1.128765E-0002  1.007234E-0002
  1.141059E-0002  1.668636E-0002  1.151323E-0002  2.098138E-0002  0.000000E+0000  3.986878E-0003  7.098989E-0003  2.013167E-0003  5.162995E-0003  1.537403E-0002  5.831943E-0003  3.061797E-0003  1.305117E-0002  3.308736E-0003  2.942775E-0003  7.527557E-0003  7.838467E-0003  9.251842E-0003  4.957664E-0003  1.634370E-0002  1.483871E-0002  5.092679E-0003  7.455490E-0003  1.701445E-0003  9.354064E-0003  5.232060E-0003  9.044209E-0003  4.802813E-0003  5.091626E-0003  8.403184E-0003  8.249823E-0003  5.087981E-0003  4.402513E-0003  1.427294E-0003  9.483345E-0003  4.331045E-0003  6.862595E-0003  6.466862E-0003  6.222198E-0003  2.572244E-0003  1.141739E-0002  1.008504E-0002  1.812066E-0002  1.446957E-0002  1.013978E-0002  9.157284E-0003  1.295995E-0002  6.435815E-0003  1.118091E-0002  3.910969E-0003  7.383867E-0003  4.565048E-0003  7.352467E-0003  6.601084E-0003  9.164711E-0003  7.202142E-0003  6.731765E-0003  8.680907E-0003  3.674041E-0003  1.037319E-0002  6.161151E-0003  1.075582E-0002  8.405642E-0003  3.090206E-0003  1.071429E-0002  8.042480E-0003  8.885756E-0003  5.688982E-0003  4.827790E-0003  1.257135E-0002  8.504907E-0003  4.980754E-0003  1.725822E-0003  1.065884E-0002  7.802795E-0003  9.803286E-0003  1.377240E-0002  1.449934E-0002  5.829541E-0003  1.627568E-0002
  4.792250E-0003  4.498271E-0003  3.908993E-0003  1.092445E-0002  3.986878E-0003  0.000000E+0000  1.091087E-0002  1.372157E-0002  1.492806E-0002  1.447541E-0002  1.775544E-0002  1.318435E-0002  7.964129E-0003  2.082460E-0002  2.446472E-0002  4.020877E-0003  1.390968E-0002  8.435579E-0003  8.715433E-0003  1.580814E-0002  1.444580E-0002  5.993056E-0003  6.154309E-0003  5.950742E-0003  1.081224E-0002  5.624081E-0003  1.823172E-0002  9.983536E-0003  1.864699E-0003  8.554853E-0003  1.122426E-0002  7.739663E-0003  5.378047E-0003  6.766676E-0003  4.472262E-0003  4.386661E-0003  3.637717E-0003  3.719059E-0003  8.097566E-0003  5.141001E-0003  5.912292E-0003  3.649431E-0003  2.697087E-0003  4.102934E-0003  3.701078E-0003  1.212022E-0002  6.474189E-0003  1.219551E-0002  3.245509E-0003  8.252505E-0003  5.719398E-0003  1.164170E-0002  1.981071E-0003  9.239518E-0003  7.006109E-0003  4.219128E-0003  4.938703E-0003  4.640075E-0003  1.162335E-0002  8.181734E-0003  5.645242E-0003  5.558437E-0003  5.145426E-0003  6.035442E-0003  6.133133E-0003  5.768221E-0003  9.670381E-0003  4.556905E-0003  8.875818E-0003  9.211377E-0003  5.019420E-0003  9.095411E-0003  2.934486E-0003  4.464844E-0003  4.382717E-0003  5.654441E-0003  4.491850E-0003  4.362540E-0003  2.393889E-0003  2.215698E-0003
  9.618058E-0003  6.348799E-0003  6.798582E-0003  9.588454E-0003  7.098989E-0003  1.091087E-0002  0.000000E+0000  1.600353E-0002  1.800141E-0002  1.166332E-0002  1.805779E-0002  1.761859E-0002  1.322174E-0002  2.008595E-0002  1.563728E-0002  1.168531E-0002  7.298525E-0003  8.235137E-0003  7.759320E-0003  2.861303E-0002  8.735044E-0003  2.635424E-0003  2.845154E-0003  1.019340E-0002  6.014816E-0003  6.095741E-0003  9.755458E-0003  7.021397E-0003  5.332920E-0003  6.175493E-0003  2.078932E-0003  4.057655E-0003  5.869508E-0003  3.404234E-0003  7.505247E-0003  1.015139E-0002  5.156722E-0003  4.900889E-0003  5.597100E-0003  7.301006E-0003  7.698325E-0003  1.290529E-0002  6.604768E-0003  9.057439E-0003  1.115659E-0002  2.294739E-0002  1.324519E-0002  1.763939E-0002  1.239451E-0002  1.460543E-0002  2.037545E-0002  1.744289E-0002  7.146408E-0003  8.681981E-0003  5.038889E-0003  1.354247E-0002  1.662639E-0002  1.140847E-0002  1.276932E-0002  1.230422E-0002  1.603042E-0002  7.476306E-0003  1.488111E-0002  1.030160E-0002  2.120174E-0002  7.224954E-0003  1.648652E-0002  1.255936E-0002  1.331034E-0002  8.512857E-0003  1.785997E-0002  2.030879E-0003  5.643260E-0003  1.828140E-0002  8.813577E-0003  1.000016E-0002  2.857425E-0003  1.473731E-0002  7.936426E-0003  5.476121E-0003
  1.646183E-0002  6.860581E-0003  6.016134E-0003  8.155424E-0003  2.013167E-0003  1.372157E-0002  1.600353E-0002  0.000000E+0000  4.406391E-0003  7.695733E-0003  1.156410E-0002  8.850804E-0003  7.208291E-0003  7.357615E-0003  7.614658E-0003  3.326534E-0002  7.626287E-0003  8.867291E-0003  2.296377E-0002  5.986242E-0003  4.499258E-0003  5.051640E-0003  5.387626E-0003  2.350168E-0002  9.275754E-0003  1.109440E-0002  6.982597E-0003  7.394463E-0003  3.070063E-0003  1.221837E-0002  2.138165E-0002  6.195426E-0003  1.101358E-0002  1.534541E-0002  5.067714E-0003  2.769997E-0003  4.616593E-0003  6.487288E-0003  2.958823E-0002  1.737799E-0002  1.327448E-0002  9.620811E-0003  4.068665E-0003  1.089050E-0002  6.368838E-0003  1.116001E-0002  1.270587E-0002  6.708076E-0003  1.875861E-0002  2.518726E-0002  1.136497E-0002  9.268207E-0003  1.378458E-0002  1.383124E-0002  8.668398E-0003  3.605765E-0002  4.425776E-0002  2.938634E-0002  2.120669E-0002  8.221140E-0003  4.119623E-0002  4.663405E-0003  3.087424E-0002  6.279390E-0003  1.733828E-0002  4.911482E-0003  3.096604E-0002  1.062211E-0002  1.338503E-0002  1.118615E-0002  2.649556E-0002  6.277011E-0003  8.722804E-0003  3.494199E-0002  9.765207E-0003  1.693660E-0002  9.821788E-0003  1.002915E-0002  1.482761E-0002  1.468765E-0002
  6.564643E-0003  9.129154E-0003  6.764411E-0003  1.029167E-0002  5.162995E-0003  1.492806E-0002  1.800141E-0002  4.406391E-0003  0.000000E+0000  3.848539E-0003  8.894102E-0003  6.103288E-0003  6.395156E-0003  7.788959E-0003  7.794215E-0003  2.301599E-0002  1.724238E-0002  1.936670E-0002  4.966117E-0003  1.955293E-0002  1.695151E-0002  1.124622E-0002  1.259046E-0002  1.503152E-0002  1.375620E-0002  8.719420E-0003  1.939015E-0002  4.376088E-0003  7.663666E-0003  4.919802E-0003  2.152433E-0002  3.926940E-0003  7.665139E-0003  5.376095E-0003  8.972268E-0003  9.913970E-0003  6.032952E-0003  7.430850E-0003  1.710075E-0002  1.062680E-0002  5.885054E-0003  7.862680E-0003  6.975186E-0003  6.793567E-0003  5.164351E-0003  2.746674E-0002  2.918242E-0002  4.062633E-0003  1.892400E-0002  3.421793E-0002  1.890005E-0002  5.469218E-0003  1.284262E-0002  1.808684E-0002  9.403917E-0003  2.895703E-0002  4.923097E-0002  2.748537E-0002  3.561508E-0003  6.664521E-0003  4.209913E-0002  6.670208E-0003  3.539404E-0002  1.564086E-0002  3.573858E-0002  6.013815E-0003  4.656058E-0002  1.449191E-0002  1.587263E-0002  6.242161E-0003  3.289263E-0002  2.374032E-0003  6.038436E-0003  3.101054E-0002  1.875512E-0002  1.688843E-0002  6.853812E-0003  2.819939E-0002  8.726398E-0003  4.743647E-0003
  2.926909E-0003  4.604847E-0003  3.402739E-0003  9.560240E-0003  1.537403E-0002  1.447541E-0002  1.166332E-0002  7.695733E-0003  3.848539E-0003  0.000000E+0000  4.499599E-0003  6.232624E-0003  1.153242E-0002  8.315542E-0003  1.083002E-0002  2.440989E-0002  1.307304E-0002  1.789002E-0002  1.181702E-0002  8.001919E-0003  1.216549E-0002  4.202325E-0003  8.995142E-0003  3.230525E-0003  1.048979E-0002  4.600893E-0003  1.201141E-0002  5.368797E-0003  2.431297E-0003  9.938629E-0003  1.496922E-0002  4.081957E-0003  4.496284E-0003  4.254698E-0003  2.047283E-0003  4.439448E-0003  3.623177E-0003  1.846886E-0003  8.534914E-0003  4.041715E-0003  2.525606E-0003  2.756993E-0003  5.630680E-0003  2.999153E-0003  9.540915E-0003  1.966671E-0002  1.840258E-0002  7.998201E-0003  2.189613E-0003  7.653306E-0003  4.701722E-0003  7.878338E-0003  2.886466E-0003  6.369570E-0003  7.417840E-0003  1.528832E-0002  2.051370E-0002  7.423646E-0003  8.421624E-0003  5.389993E-0003  5.414784E-0003  6.279042E-0003  7.852439E-0003  1.227253E-0002  2.981291E-0002  6.861771E-0003  1.069451E-0002  7.738765E-0003  1.082825E-0002  8.466356E-0003  5.440775E-0003  3.655719E-0003  2.011689E-0003  1.456460E-0002  1.070947E-0002  1.119015E-0002  6.626377E-0003  6.554777E-0003  6.870698E-0003  3.428280E-0003
  6.345819E-0003  1.138237E-0002  8.991419E-0003  1.617245E-0002  5.831943E-0003  1.775544E-0002  1.805779E-0002  1.156410E-0002  8.894102E-0003  4.499599E-0003  0.000000E+0000  1.079737E-0002  9.714963E-0003  4.533296E-0003  2.834080E-0003  1.016371E-0002  1.254679E-0002  1.402006E-0002  8.715671E-0003  1.125282E-0002  1.650656E-0002  8.524127E-0003  1.238539E-0002  9.146594E-0003  6.946406E-0003  2.580016E-0003  9.567747E-0003  5.434627E-0003  2.707731E-0003  3.586558E-0003  1.901593E-0002  2.777616E-0003  6.651301E-0003  2.184514E-0003  2.534917E-0003  2.631282E-0003  5.341609E-0003  1.668785E-0003  7.994764E-0003  2.908287E-0003  7.838123E-0003  6.665817E-0003  1.139042E-0002  9.331828E-0003  6.963709E-0003  1.444013E-0002  1.806918E-0002  1.298482E-0002  3.534274E-0003  1.020070E-0002  8.635095E-0003  1.000111E-0002  3.909567E-0003  9.460747E-0003  5.474022E-0003  1.475653E-0002  8.708910E-0003  9.336191E-0003  9.704130E-0003  9.182228E-0003  8.820229E-0003  6.936114E-0003  7.994607E-0003  8.028601E-0003  9.990873E-0003  4.629688E-0003  7.256435E-0003  9.086567E-0003  1.405260E-0002  3.818837E-0003  8.064291E-0003  8.015426E-0003  2.715028E-0003  1.207622E-0002  2.707298E-0003  5.514896E-0003  4.804347E-0003  3.651440E-0003  6.517605E-0003  6.986086E-0003
  1.387506E-0002  8.954761E-0003  6.669952E-0003  9.734271E-0003  3.061797E-0003  1.318435E-0002  1.761859E-0002  8.850804E-0003  6.103288E-0003  6.232624E-0003  1.079737E-0002  0.000000E+0000  1.115608E-0002  1.037780E-0002  5.735926E-0003  2.392916E-0002  1.287963E-0002  7.445064E-0003  2.865118E-0002  8.646687E-0003  8.487845E-0003  4.677463E-0003  7.328183E-0003  1.520150E-0002  9.647479E-0003  8.143359E-0003  8.833455E-0003  7.427262E-0003  2.898390E-0003  1.619521E-0002  2.016912E-0002  6.303932E-0003  1.271128E-0002  1.483084E-0002  4.299362E-0003  3.669046E-0003  3.661764E-0003  6.193221E-0003  2.694119E-0002  1.456514E-0002  1.037037E-0002  1.271332E-0002  4.310106E-0003  7.757936E-0003  9.650124E-0003  1.226853E-0002  6.142104E-0003  6.559871E-0003  1.640560E-0002  1.502430E-0002  6.206003E-0003  7.264242E-0003  1.412882E-0002  1.626150E-0002  1.056617E-0002  2.560400E-0002  2.708879E-0002  2.094216E-0002  2.709569E-0002  7.389883E-0003  2.725916E-0002  5.405373E-0003  1.575927E-0002  4.859713E-0003  1.250090E-0002  1.979707E-0003  1.579803E-0002  6.929587E-0003  4.582273E-0003  1.556085E-0002  2.134008E-0002  1.233693E-0002  5.624632E-0003  2.114499E-0002  6.249877E-0003  1.278307E-0002  8.638198E-0003  6.581406E-0003  1.611699E-0002  1.301617E-0002
  4.015923E-0003  1.313558E-0002  1.594820E-0002  1.483827E-0002  1.305117E-0002  7.964129E-0003  1.322174E-0002  7.208291E-0003  6.395156E-0003  1.153242E-0002  9.714963E-0003  1.115608E-0002  0.000000E+0000  5.322541E-0003  9.269031E-0003  1.994899E-0002  8.891076E-0003  9.616948E-0003  6.874352E-0003  1.062009E-0002  1.520621E-0002  5.652304E-0003  6.454071E-0003  2.187569E-0002  5.148964E-0003  8.079741E-0003  8.509593E-0003  4.906226E-0003  3.978814E-0003  7.933410E-0003  1.316338E-0002  6.237173E-0003  6.811247E-0003  4.616985E-0003  1.037941E-0002  1.292284E-0002  1.044650E-0002  8.029885E-0003  2.004568E-0002  1.918639E-0002  1.013340E-0002  1.066230E-0002  1.452232E-0002  8.769570E-0003  1.462046E-0002  3.057051E-0002  3.757499E-0002  5.624882E-0003  2.276566E-0002  3.996319E-0002  2.158041E-0002  9.546434E-0003  2.477174E-0002  2.796701E-0002  5.979463E-0003  3.194638E-0002  5.033585E-0002  3.515793E-0002  5.517256E-0003  7.674794E-0003  4.953944E-0002  9.432944E-0003  3.580797E-0002  1.856334E-0002  3.500408E-0002  3.205242E-0003  4.139097E-0002  1.362777E-0002  2.157446E-0002  6.597102E-0003  3.299514E-0002  2.223471E-0003  9.202559E-0003  3.080843E-0002  1.253873E-0002  7.983755E-0003  8.006031E-0003  1.932878E-0002  4.697265E-0003  6.448044E-0003
  6.683577E-0003  8.047407E-0003  8.089830E-0003  1.016456E-0002  3.308736E-0003  2.082460E-0002  2.008595E-0002  7.357615E-0003  7.788959E-0003  8.315542E-0003  4.533296E-0003  1.037780E-0002  5.322541E-0003  0.000000E+0000  4.204163E-0003  2.766881E-0002  1.074984E-0002  1.207198E-0002  1.614840E-0002  1.058151E-0002  1.636419E-0002  7.898853E-0003  9.323437E-0003  1.520546E-0002  1.046145E-0002  8.467061E-0003  1.491431E-0002  6.196207E-0003  6.155381E-0003  3.282962E-0003  1.187994E-0002  3.308413E-0003  7.629792E-0003  6.188735E-0003  9.114647E-0003  5.193371E-0003  4.289272E-0003  9.161050E-0003  1.483562E-0002  1.010669E-0002  5.804508E-0003  8.416099E-0003  6.619108E-0003  5.316073E-0003  7.027064E-0003  2.454249E-0002  2.096556E-0002  8.109242E-0003  1.186598E-0002  2.511001E-0002  1.359275E-0002  1.124547E-0002  1.046751E-0002  1.604584E-0002  7.803139E-0003  2.892597E-0002  3.531236E-0002  1.905459E-0002  1.379869E-0002  7.857380E-0003  3.070239E-0002  7.133895E-0003  2.691007E-0002  1.382449E-0002  2.550347E-0002  4.787724E-0003  3.374369E-0002  1.131310E-0002  1.426287E-0002  5.057064E-0003  2.838324E-0002  7.935895E-0003  6.025493E-0003  2.925178E-0002  1.832326E-0002  1.401330E-0002  9.406889E-0003  1.674181E-0002  4.388716E-0003  9.232211E-0003
  4.621591E-0003  7.988041E-0003  4.820370E-0003  1.132180E-0002  2.942775E-0003  2.446472E-0002  1.563728E-0002  7.614658E-0003  7.794215E-0003  1.083002E-0002  2.834080E-0003  5.735926E-0003  9.269031E-0003  4.204163E-0003  0.000000E+0000  4.811961E-0003  1.318070E-0002  1.341535E-0002  6.965814E-0003  8.317889E-0003  1.276700E-0002  7.635036E-0003  8.854502E-0003  1.114822E-0002  7.533803E-0003  3.127562E-0003  1.328067E-0002  3.386293E-0003  3.032542E-0003  2.011784E-0003  1.812138E-0002  2.067364E-0003  2.894881E-0003  1.466741E-0003  2.614425E-0003  3.539213E-0003  2.303227E-0003  3.644271E-0003  9.406098E-0003  2.189702E-0003  5.456234E-0003  2.990590E-0003  5.608087E-0003  5.574903E-0003  3.613913E-0003  6.102226E-0003  1.035895E-0002  8.245896E-0003  4.412442E-0003  1.020842E-0002  7.188838E-0003  5.229646E-0003  2.476902E-0003  6.821982E-0003  4.631044E-0003  6.976197E-0003  6.780497E-0003  5.992588E-0003  4.944028E-0003  4.672344E-0003  5.968718E-0003  3.172353E-0003  6.168058E-0003  3.999182E-0003  7.675173E-0003  1.928626E-0003  5.347619E-0003  7.205239E-0003  1.446414E-0002  7.500024E-0004  7.264151E-0003  4.338479E-0003  2.885965E-0003  6.410947E-0003  7.907507E-0003  1.067637E-0002  4.475397E-0003  3.450067E-0003  3.474353E-0003  6.319222E-0003
  4.103111E-0002  2.242841E-0002  1.894461E-0002  3.633440E-0002  7.527557E-0003  4.020877E-0003  1.168531E-0002  3.326534E-0002  2.301599E-0002  2.440989E-0002  1.016371E-0002  2.392916E-0002  1.994899E-0002  2.766881E-0002  4.811961E-0003  0.000000E+0000  9.646300E-0003  1.308809E-0002  7.137931E-0003  3.719681E-0002  1.454564E-0002  1.298695E-0002  1.422730E-0002  7.156080E-0003  6.352118E-0003  4.072803E-0002  4.178159E-0003  1.078470E-0002  3.358781E-0002  2.374519E-0002  1.104539E-0002  1.235302E-0002  1.496088E-0002  1.116222E-0002  2.933259E-0002  1.739287E-0002  1.529792E-0002  3.795910E-0002  1.169923E-0002  1.359609E-0002  3.569317E-0002  3.461464E-0002  2.863386E-0002  2.653127E-0002  1.438045E-0002  1.860231E-0002  1.587399E-0002  2.624734E-0002  1.297911E-0002  2.514318E-0002  1.829465E-0002  2.558055E-0002  1.560601E-0002  2.147957E-0002  1.675456E-0002  2.275852E-0002  1.232014E-0002  3.008588E-0002  6.862034E-0003  2.936664E-0002  1.110630E-0002  2.860695E-0002  1.060326E-0002  6.803834E-0003  1.848171E-0002  3.102696E-0002  3.017484E-0002  2.891204E-0002  2.060893E-0002  3.366286E-0002  1.485711E-0002  1.836120E-0002  7.253080E-0003  1.032514E-0002  9.031401E-0003  2.451055E-0002  2.653949E-0002  1.418659E-0002  1.255621E-0002  3.665448E-0002
  2.276940E-0002  2.337859E-0002  1.620282E-0002  2.021805E-0002  7.838467E-0003  1.390968E-0002  7.298525E-0003  7.626287E-0003  1.724238E-0002  1.307304E-0002  1.254679E-0002  1.287963E-0002  8.891076E-0003  1.074984E-0002  1.318070E-0002  9.646300E-0003  0.000000E+0000  8.964702E-0003  8.347315E-0003  1.249200E-0002  9.682217E-0003  9.325827E-0003  1.284878E-0002  1.273357E-0002  5.766196E-0003  1.761445E-0002  6.196508E-0003  1.092649E-0002  1.559762E-0002  1.112594E-0002  5.633519E-0003  6.845355E-0003  6.213327E-0003  1.056086E-0002  1.499012E-0002  1.016013E-0002  1.194455E-0002  1.630913E-0002  1.753347E-0002  1.416055E-0002  1.590935E-0002  2.556944E-0002  2.073209E-0002  1.798910E-0002  9.713210E-0003  1.059117E-0002  1.010597E-0002  1.144240E-0002  1.587347E-0002  2.992241E-0002  1.797516E-0002  8.794735E-0003  1.481804E-0002  7.380554E-0003  1.630018E-0002  1.458122E-0002  1.211809E-0002  2.796878E-0002  8.711846E-0003  1.880660E-0002  9.665498E-0003  1.867997E-0002  6.853517E-0003  9.505120E-0003  1.462797E-0002  1.678418E-0002  2.583344E-0002  9.033385E-0003  1.575070E-0002  1.479273E-0002  8.142323E-0003  1.112393E-0002  4.037145E-0003  1.031876E-0002  2.750145E-0002  2.918246E-0002  1.643647E-0002  1.283431E-0002  1.470818E-0002  1.629051E-0002
  8.297852E-0003  1.070576E-0002  1.736803E-0002  1.103131E-0002  9.251842E-0003  8.435579E-0003  8.235137E-0003  8.867291E-0003  1.936670E-0002  1.789002E-0002  1.402006E-0002  7.445064E-0003  9.616948E-0003  1.207198E-0002  1.341535E-0002  1.308809E-0002  8.964702E-0003  0.000000E+0000  1.118894E-0002  5.407951E-0003  4.911416E-0003  3.846216E-0003  3.233223E-0003  9.088827E-0003  6.166379E-0003  6.480352E-0003  5.613548E-0003  7.099035E-0003  4.998401E-0003  1.263985E-0002  7.926945E-0003  7.349204E-0003  1.367170E-0002  1.343311E-0002  6.831520E-0003  6.671376E-0003  8.409822E-0003  6.623071E-0003  6.685070E-0003  4.610984E-0003  6.493492E-0003  9.123811E-0003  2.007458E-0002  1.038046E-0002  7.340837E-0003  4.254710E-0003  1.116557E-0002  9.701963E-0003  1.402397E-0002  1.034808E-0002  6.906799E-0003  1.182375E-0002  5.182375E-0003  8.022426E-0003  6.571477E-0003  9.737469E-0003  6.016897E-0003  8.542671E-0003  8.846859E-0003  1.129143E-0002  4.662930E-0003  1.175504E-0002  3.705746E-0003  7.226258E-0003  3.766745E-0003  9.403546E-0003  7.597875E-0003  5.421168E-0003  8.427174E-0003  1.023939E-0002  1.212660E-0002  5.108139E-0003  3.614488E-0003  7.285648E-0003  2.809468E-0003  1.085493E-0002  8.814936E-0003  1.095871E-0002  6.024812E-0003  7.233215E-0003
  3.019059E-0002  1.320154E-0002  1.006748E-0002  2.031650E-0002  4.957664E-0003  8.715433E-0003  7.759320E-0003  2.296377E-0002  4.966117E-0003  1.181702E-0002  8.715671E-0003  2.865118E-0002  6.874352E-0003  1.614840E-0002  6.965814E-0003  7.137931E-0003  8.347315E-0003  1.118894E-0002  0.000000E+0000  1.132864E-0002  8.091612E-0003  7.610566E-0003  1.099492E-0002  8.190204E-0003  3.661325E-0003  3.854546E-0003  4.800029E-0003  7.556909E-0003  2.729130E-0003  9.991517E-0003  4.660844E-0003  9.131195E-0003  5.552137E-0003  3.690535E-0003  3.436980E-0003  2.602855E-0003  1.024848E-0002  5.069032E-0003  4.028087E-0003  5.459441E-0003  2.473601E-0002  2.379131E-0002  1.586352E-0002  1.691316E-0002  1.014900E-0002  1.406003E-0002  9.403146E-0003  2.853981E-0002  7.831572E-0003  2.396389E-0002  1.300518E-0002  2.641249E-0002  1.059343E-0002  1.847660E-0002  1.784146E-0002  1.628028E-0002  1.025079E-0002  2.023715E-0002  4.058209E-0003  2.302359E-0002  7.623583E-0003  2.075734E-0002  1.711629E-0002  1.236354E-0002  1.105065E-0002  2.028975E-0002  2.420675E-0002  2.821689E-0002  2.091235E-0002  1.668431E-0002  1.162334E-0002  7.786421E-0003  6.989769E-0003  2.103075E-0002  7.359915E-0003  2.005646E-0002  1.765156E-0002  1.001736E-0002  9.854368E-0003  2.221469E-0002
  9.480547E-0003  1.295140E-0002  2.845481E-0002  1.213095E-0002  1.634370E-0002  1.580814E-0002  2.861303E-0002  5.986242E-0003  1.955293E-0002  8.001919E-0003  1.125282E-0002  8.646687E-0003  1.062009E-0002  1.058151E-0002  8.317889E-0003  3.719681E-0002  1.249200E-0002  5.407951E-0003  1.132864E-0002  0.000000E+0000  1.246574E-0002  4.775836E-0003  7.519199E-0003  3.313582E-0002  5.293484E-0003  5.388762E-0003  7.265881E-0003  1.270532E-0002  5.755194E-0003  2.058095E-0002  1.301877E-0002  5.801920E-0003  8.014383E-0003  9.155851E-0003  1.334942E-0002  1.975699E-0002  1.429881E-0002  1.584184E-0002  2.311204E-0002  3.337099E-0002  1.737330E-0002  1.341856E-0002  2.345876E-0002  1.196657E-0002  2.502996E-0002  3.992175E-0002  4.236600E-0002  4.403336E-0003  3.289801E-0002  6.404204E-0002  2.920017E-0002  6.288420E-0003  3.007030E-0002  3.370341E-0002  8.627380E-0003  4.038271E-0002  6.992681E-0002  5.839529E-0002  9.467359E-0003  1.060089E-0002  7.840985E-0002  1.487832E-0002  5.593653E-0002  2.708748E-0002  5.355423E-0002  8.125472E-0003  6.151481E-0002  1.735502E-0002  3.558604E-0002  2.033115E-0002  4.362785E-0002  4.325930E-0003  1.428267E-0002  4.516619E-0002  1.054076E-0002  9.106223E-0003  7.951047E-0003  2.668768E-0002  1.123396E-0002  8.717687E-0003
  1.073217E-0002  1.560451E-0002  1.491037E-0002  1.435049E-0002  1.483871E-0002  1.444580E-0002  8.735044E-0003  4.499258E-0003  1.695151E-0002  1.216549E-0002  1.650656E-0002  8.487845E-0003  1.520621E-0002  1.636419E-0002  1.276700E-0002  1.454564E-0002  9.682217E-0003  4.911416E-0003  8.091612E-0003  1.246574E-0002  0.000000E+0000  1.131097E-0002  5.789211E-0003  1.561396E-0002  6.085880E-0003  6.493452E-0003  5.458279E-0003  1.039605E-0002  6.624024E-0003  6.289699E-0003  6.492444E-0003  8.430282E-0003  9.440495E-0003  7.215017E-0003  4.526663E-0003  3.196885E-0003  8.265394E-0003  3.814583E-0003  6.444070E-0003  4.265330E-0003  1.049611E-0002  8.471947E-0003  1.545764E-0002  1.288774E-0002  1.702094E-0002  4.045866E-0003  1.060920E-0002  6.221678E-0003  4.322430E-0003  1.167769E-0002  5.658960E-0003  5.667039E-0003  2.521602E-0003  1.083744E-0002  2.352491E-0003  1.378832E-0002  1.114138E-0002  9.314995E-0003  5.150841E-0003  1.510352E-0002  2.569042E-0003  1.603010E-0002  4.352870E-0003  9.913057E-0003  5.306076E-0003  1.193069E-0002  1.336709E-0002  5.298133E-0003  1.525392E-0002  6.679454E-0003  1.074124E-0002  5.609145E-0003  4.225285E-0003  1.376141E-0002  2.542196E-0003  2.815468E-0003  1.090890E-0002  9.560978E-0003  7.648114E-0003  7.014131E-0003
  1.003168E-0003  4.173109E-0003  1.398940E-0003  6.319858E-0003  5.092679E-0003  5.993056E-0003  2.635424E-0003  5.051640E-0003  1.124622E-0002  4.202325E-0003  8.524127E-0003  4.677463E-0003  5.652304E-0003  7.898853E-0003  7.635036E-0003  1.298695E-0002  9.325827E-0003  3.846216E-0003  7.610566E-0003  4.775836E-0003  1.131097E-0002  0.000000E+0000  4.764218E-0003  6.132613E-0003  3.263987E-0003  5.826612E-0003  8.120926E-0003  9.282245E-0003  5.324934E-0003  1.816330E-0002  5.013636E-0003  9.538271E-0003  5.817798E-0003  3.202454E-0003  1.285462E-0002  1.088520E-0002  3.412805E-0003  8.158565E-0003  3.900609E-0003  3.775059E-0003  1.083725E-0003  4.348291E-0003  1.694124E-0003  1.413636E-0003  1.087619E-0002  1.635255E-0002  1.031835E-0002  3.081626E-0003  6.967909E-0003  1.698709E-0002  1.833618E-0002  2.266374E-0003  5.705985E-0003  6.204961E-0003  9.401987E-0003  2.643774E-0002  2.266635E-0002  8.768740E-0003  5.974443E-0003  1.169890E-0002  1.328045E-0002  1.460343E-0002  1.885951E-0002  2.277465E-0002  2.137790E-0002  4.601251E-0003  2.445853E-0002  1.357786E-0002  1.004263E-0002  1.963422E-0002  1.648619E-0002  4.768337E-0003  2.758520E-0003  2.774300E-0002  7.152483E-0003  4.000323E-0003  7.961079E-0003  1.140792E-0002  5.900068E-0003  9.706129E-0003
  9.940601E-0003  9.040852E-0003  1.055742E-0002  7.020908E-0003  7.455490E-0003  6.154309E-0003  2.845154E-0003  5.387626E-0003  1.259046E-0002  8.995142E-0003  1.238539E-0002  7.328183E-0003  6.454071E-0003  9.323437E-0003  8.854502E-0003  1.422730E-0002  1.284878E-0002  3.233223E-0003  1.099492E-0002  7.519199E-0003  5.789211E-0003  4.764218E-0003  0.000000E+0000  1.338274E-0002  2.309561E-0003  5.779976E-0003  4.685064E-0003  6.902999E-0003  3.684402E-0003  6.725312E-0003  3.784891E-0003  7.030344E-0003  5.041966E-0003  1.131298E-0002  6.228630E-0003  6.815695E-0003  4.692235E-0003  7.081566E-0003  9.399701E-0003  4.560717E-0003  8.973016E-0003  1.159295E-0002  1.144985E-0002  1.009156E-0002  1.692119E-0002  8.638923E-0003  8.696394E-0003  6.254403E-0003  7.964525E-0003  1.226216E-0002  1.928724E-0002  8.352350E-0003  4.113750E-0003  9.562871E-0003  9.357123E-0003  1.507245E-0002  8.586049E-0003  1.131593E-0002  7.677083E-0003  8.712576E-0003  6.118888E-0003  7.687237E-0003  1.209336E-0002  1.127161E-0002  9.734649E-0003  1.203330E-0002  9.234433E-0003  1.347379E-0002  1.300561E-0002  6.332890E-0003  8.750809E-0003  5.190144E-0003  2.328781E-0003  1.151156E-0002  2.688185E-0003  2.508027E-0003  5.431860E-0003  5.747947E-0003  2.776686E-0003  4.345111E-0003
  5.238706E-0003  2.372336E-0003  1.781708E-0003  8.381194E-0003  1.701445E-0003  5.950742E-0003  1.019340E-0002  2.350168E-0002  1.503152E-0002  3.230525E-0003  9.146594E-0003  1.520150E-0002  2.187569E-0002  1.520546E-0002  1.114822E-0002  7.156080E-0003  1.273357E-0002  9.088827E-0003  8.190204E-0003  3.313582E-0002  1.561396E-0002  6.132613E-0003  1.338274E-0002  0.000000E+0000  6.613617E-0003  1.785590E-0002  9.062987E-0003  6.605573E-0003  1.457136E-0002  1.152371E-0002  5.536125E-0003  1.203825E-0002  8.910489E-0003  7.080760E-0003  1.734267E-0002  1.102548E-0002  4.916822E-0003  1.949497E-0002  9.032620E-0003  4.810447E-0003  5.683622E-0003  6.184455E-0003  1.785819E-0003  3.740177E-0003  5.535047E-0003  9.326754E-0003  1.277123E-0002  1.037533E-0002  1.147176E-0002  1.232029E-0002  1.515057E-0002  9.042736E-0003  5.611100E-0003  1.326005E-0002  1.162465E-0002  7.047101E-0003  5.005534E-0003  5.959941E-0003  1.574314E-0002  1.169773E-0002  6.442382E-0003  7.497757E-0003  7.762481E-0003  4.895955E-0003  8.024965E-0003  1.362787E-0002  9.176146E-0003  1.824563E-0002  1.035855E-0002  8.097623E-0003  1.487043E-0002  8.355395E-0003  5.612424E-0003  1.174219E-0002  8.295318E-0003  7.646669E-0003  9.241675E-0003  7.941019E-0003  7.289643E-0003  1.124506E-0002
  8.098766E-0003  1.427247E-0002  7.695197E-0003  1.043764E-0002  9.354064E-0003  1.081224E-0002  6.014816E-0003  9.275754E-0003  1.375620E-0002  1.048979E-0002  6.946406E-0003  9.647479E-0003  5.148964E-0003  1.046145E-0002  7.533803E-0003  6.352118E-0003  5.766196E-0003  6.166379E-0003  3.661325E-0003  5.293484E-0003  6.085880E-0003  3.263987E-0003  2.309561E-0003  6.613617E-0003  0.000000E+0000  5.115885E-0003  4.331278E-0003  6.949577E-0003  1.101374E-0003  4.000509E-0003  7.298631E-0003  4.450181E-0003  3.512784E-0003  4.238572E-0003  2.418892E-0003  3.482491E-0003  4.629920E-0003  3.434129E-0003  3.101409E-0003  3.616113E-0003  6.248325E-0003  1.041652E-0002  9.520693E-0003  1.167913E-0002  8.520652E-0003  3.897430E-0003  7.669529E-0003  1.141934E-0002  1.350624E-0002  1.178598E-0002  1.041780E-0002  8.216524E-0003  3.666101E-0003  8.406674E-0003  4.177157E-0003  7.950208E-0003  7.166570E-0003  1.077099E-0002  5.425908E-0003  6.444817E-0003  2.564230E-0003  5.667536E-0003  5.094693E-0003  7.021589E-0003  9.913130E-0003  7.722873E-0003  1.391362E-0002  7.749179E-0003  9.958541E-0003  1.601999E-0003  4.203408E-0003  4.857914E-0003  5.496060E-0003  8.299617E-0003  4.746181E-0003  7.325102E-0003  3.962786E-0003  7.520502E-0003  1.416905E-0002  1.058804E-0002
  2.718381E-0003  6.225057E-0003  5.932649E-0003  1.249021E-0002  5.232060E-0003  5.624081E-0003  6.095741E-0003  1.109440E-0002  8.719420E-0003  4.600893E-0003  2.580016E-0003  8.143359E-0003  8.079741E-0003  8.467061E-0003  3.127562E-0003  4.072803E-0002  1.761445E-0002  6.480352E-0003  3.854546E-0003  5.388762E-0003  6.493452E-0003  5.826612E-0003  5.779976E-0003  1.785590E-0002  5.115885E-0003  0.000000E+0000  7.757263E-0003  4.740608E-0003  5.159139E-0003  8.924213E-0003  7.105042E-0003  1.202679E-0002  7.149238E-0003  3.129864E-0003  1.419152E-0002  2.182097E-0002  4.972386E-0003  7.200701E-0003  1.161129E-0002  1.452376E-0002  6.352236E-0003  7.203206E-0003  9.115850E-0003  5.281923E-0003  1.098769E-0002  2.914211E-0002  2.233294E-0002  7.873486E-0003  2.036503E-0002  5.030301E-0002  2.920962E-0002  4.859020E-0003  1.448595E-0002  1.770645E-0002  1.285650E-0002  4.487887E-0002  5.982800E-0002  3.002151E-0002  3.831554E-0003  1.028356E-0002  5.096806E-0002  1.358465E-0002  5.152597E-0002  3.534757E-0002  4.063028E-0002  1.020898E-0002  6.166692E-0002  2.372794E-0002  2.431626E-0002  9.761762E-0003  4.641751E-0002  3.866378E-0003  1.154859E-0002  3.512368E-0002  3.982452E-0003  2.932326E-0003  3.230121E-0003  1.627708E-0002  7.167590E-0003  4.826231E-0003
  9.574378E-0003  1.878186E-0002  1.113034E-0002  1.507993E-0002  9.044209E-0003  1.823172E-0002  9.755458E-0003  6.982597E-0003  1.939015E-0002  1.201141E-0002  9.567747E-0003  8.833455E-0003  8.509593E-0003  1.491431E-0002  1.328067E-0002  4.178159E-0003  6.196508E-0003  5.613548E-0003  4.800029E-0003  7.265881E-0003  5.458279E-0003  8.120926E-0003  4.685064E-0003  9.062987E-0003  4.331278E-0003  7.757263E-0003  0.000000E+0000  6.366934E-0003  7.946327E-0003  3.255555E-0003  1.121414E-0002  3.022767E-0003  5.371417E-0003  6.322860E-0003  6.785846E-0003  5.750507E-0003  8.404868E-0003  6.706694E-0003  8.388213E-0003  1.697355E-0003  8.947245E-0003  9.373219E-0003  9.742284E-0003  9.313785E-0003  1.073351E-0002  1.545598E-0002  4.236063E-0003  8.258319E-0003  7.181622E-0003  1.265674E-0002  6.983919E-0003  6.775383E-0003  2.388059E-0003  1.520518E-0002  3.629413E-0003  4.907117E-0003  9.438336E-0003  1.729823E-0002  4.664868E-0003  1.291577E-0002  3.301089E-0003  1.418962E-0002  1.128216E-0003  4.380292E-0003  8.705608E-0003  1.608684E-0002  1.757120E-0002  5.146867E-0003  2.071615E-0002  2.661998E-0003  1.511554E-0002  4.619881E-0003  4.924613E-0003  8.295124E-0003  5.991421E-0003  8.359198E-0003  9.120040E-0003  1.496412E-0002  9.216696E-0003  7.789639E-0003
  4.519323E-0003  4.701114E-0003  8.010196E-0003  5.634650E-0003  4.802813E-0003  9.983536E-0003  7.021397E-0003  7.394463E-0003  4.376088E-0003  5.368797E-0003  5.434627E-0003  7.427262E-0003  4.906226E-0003  6.196207E-0003  3.386293E-0003  1.078470E-0002  1.092649E-0002  7.099035E-0003  7.556909E-0003  1.270532E-0002  1.039605E-0002  9.282245E-0003  6.902999E-0003  6.605573E-0003  6.949577E-0003  4.740608E-0003  6.366934E-0003  0.000000E+0000  4.188292E-0003  6.049674E-0003  2.831044E-0003  7.375623E-0003  6.947496E-0003  1.521217E-0003  5.807435E-0003  5.813083E-0003  1.048865E-0002  8.750096E-0003  9.627150E-0003  2.010165E-0002  5.081186E-0003  6.545659E-0003  4.212884E-0003  5.960398E-0003  4.370727E-0003  6.324400E-0003  6.994916E-0003  5.970716E-0003  5.940498E-0003  1.134914E-0002  7.279903E-0003  4.904892E-0003  3.752647E-0003  5.269265E-0003  5.887012E-0003  8.016413E-0003  1.433534E-0002  1.211518E-0002  3.425584E-0003  6.534148E-0003  1.449386E-0002  5.522511E-0003  8.920766E-0003  4.992025E-0003  7.665669E-0003  5.031717E-0003  1.327416E-0002  9.474118E-0003  7.601293E-0003  6.810358E-0003  6.904734E-0003  7.067152E-0003  3.325078E-0003  1.095527E-0002  4.023886E-0003  4.615417E-0003  5.666298E-0003  6.489612E-0003  8.241814E-0003  5.762046E-0003
  2.058857E-0003  5.434797E-0003  5.432994E-0003  9.291601E-0003  5.091626E-0003  1.864699E-0003  5.332920E-0003  3.070063E-0003  7.663666E-0003  2.431297E-0003  2.707731E-0003  2.898390E-0003  3.978814E-0003  6.155381E-0003  3.032542E-0003  3.358781E-0002  1.559762E-0002  4.998401E-0003  2.729130E-0003  5.755194E-0003  6.624024E-0003  5.324934E-0003  3.684402E-0003  1.457136E-0002  1.101374E-0003  5.159139E-0003  7.946327E-0003  4.188292E-0003  0.000000E+0000  9.404208E-0003  3.490445E-0003  1.020198E-0002  7.745523E-0003  2.093641E-0003  1.109061E-0002  2.011481E-0002  6.270778E-0003  5.005717E-0003  7.815892E-0003  1.290654E-0002  2.781057E-0003  5.902000E-0003  2.780639E-0003  3.755865E-0003  1.126510E-0002  2.822979E-0002  2.073151E-0002  2.812565E-0003  1.886484E-0002  4.614275E-0002  2.541835E-0002  2.570997E-0003  1.450202E-0002  1.473635E-0002  1.329976E-0002  4.208907E-0002  5.212799E-0002  2.796251E-0002  2.623126E-0003  9.568366E-0003  4.491696E-0002  1.235228E-0002  4.489463E-0002  3.281206E-0002  3.655910E-0002  6.183313E-0003  5.583440E-0002  2.131224E-0002  2.075827E-0002  1.081852E-0002  3.941908E-0002  3.585730E-0003  9.305876E-0003  3.369885E-0002  3.877349E-0003  1.610377E-0003  3.488243E-0003  1.536984E-0002  8.413024E-0003  3.310065E-0003
  1.855754E-0002  1.251305E-0002  8.975782E-0003  1.776528E-0002  8.403184E-0003  8.554853E-0003  6.175493E-0003  1.221837E-0002  4.919802E-0003  9.938629E-0003  3.586558E-0003  1.619521E-0002  7.933410E-0003  3.282962E-0003  2.011784E-0003  2.374519E-0002  1.112594E-0002  1.263985E-0002  9.991517E-0003  2.058095E-0002  6.289699E-0003  1.816330E-0002  6.725312E-0003  1.152371E-0002  4.000509E-0003  8.924213E-0003  3.255555E-0003  6.049674E-0003  9.404208E-0003  0.000000E+0000  8.308453E-0003  3.583736E-0003  4.751338E-0003  3.388017E-0003  3.419292E-0003  5.074284E-0003  1.695854E-0002  3.198541E-0003  4.877516E-0003  5.048605E-0003  1.709031E-0002  1.657176E-0002  1.510193E-0002  1.279386E-0002  1.246099E-0002  2.057782E-0002  1.125503E-0002  1.768541E-0002  4.311636E-0003  1.342783E-0002  1.028610E-0002  1.353066E-0002  4.537083E-0003  1.670120E-0002  7.972753E-0003  2.506319E-0002  1.957352E-0002  1.400989E-0002  3.539813E-0003  2.569565E-0002  9.117507E-0003  2.334210E-0002  1.100538E-0002  2.378643E-0002  2.335052E-0002  1.561428E-0002  1.676336E-0002  9.570623E-0003  2.337024E-0002  8.683261E-0003  1.406663E-0002  8.436514E-0003  2.403032E-0003  2.290078E-0002  7.155368E-0003  1.487219E-0002  1.987134E-0002  1.006508E-0002  1.260130E-0002  2.017019E-0002
