6661999 = Ignore first line (new format code)
File name: C:\Users\gordillo\Desktop\local_loreta\sub-010002_EC-ROIlaggedCoh-crss.txt
1 = Number of time frames in Time X Frequency decomposition
90 = Number of EEG files
80 = Number Electrodes
500 = Number of time frames in EEG files
512 = Number of time frames in EEG files power of 2
5 = Number of matrices
5 = Band type (1=Classical1; 2=Classical2; 3=DiscreteFreqs; 4=AllDiscreteFreqs; 5=UserDefinedBands)
 1.250000E+0002 = Sampling rate Hz
-1.000000E+0002 = Freq1 Hz
-1.000000E+0002 = Freq2 Hz
 2.441406E-0001 = Frequency resolution Hz

  0.000000E+0000  2.837748E-0003  5.016734E-0003  2.103637E-0003  5.945541E-0003  4.482811E-0003  1.794664E-0003  5.697209E-0003  3.723992E-0003  3.599432E-0003  3.717192E-0003  3.376984E-0003  8.287698E-0003  6.288282E-0003  3.356346E-0003  4.576134E-0003  3.964041E-0003  2.740917E-0003  4.848665E-0003  1.051816E-0002  3.499455E-0003  2.107966E-0003  1.012153E-0003  8.351485E-0003  1.316954E-0003  7.240618E-0003  3.270083E-0003  3.747645E-0003  3.704835E-0003  1.077472E-0002  8.321328E-0004  1.267989E-0002  1.024966E-0002  2.172698E-0003  1.837859E-0002  1.831816E-0002  7.083521E-0003  3.962106E-0003  1.180587E-0002  9.081288E-0003  6.816873E-0004  1.074390E-0002  3.148719E-0003  3.646261E-0003  7.569178E-0003  3.100470E-0003  6.635488E-0004  2.343374E-0003  8.888569E-0003  4.888910E-0003  3.884444E-0003  5.148966E-0003  2.996329E-0003  6.002089E-0003  4.704832E-0003  4.991681E-0003  4.124049E-0003  2.223104E-0003  5.159450E-0003  2.238244E-0003  2.687878E-0003  1.806342E-0003  1.223994E-0003  1.221113E-0002  1.622369E-0003  2.732249E-0003  2.028912E-0003  3.155583E-0003  3.332666E-0003  1.203473E-0003  1.643856E-0003  1.301486E-0002  5.218906E-0003  4.508267E-0003  8.169590E-0003  4.808171E-0003  1.043295E-0003  7.694253E-0004  9.531954E-0004  2.206556E-0003
  2.837748E-0003  0.000000E+0000  9.984884E-0003  1.110637E-0003  4.525048E-0003  2.735301E-0003  1.912093E-0004  1.902338E-0003  4.376359E-0003  5.828614E-0003  4.707271E-0003  1.663075E-0003  5.019519E-0003  3.680353E-0003  4.845671E-0003  1.943760E-0003  4.461203E-0003  4.976156E-0003  4.623689E-0003  7.247516E-0003  9.504145E-0003  5.389255E-0003  2.758951E-0003  2.934910E-0003  6.684249E-0003  9.372186E-0003  1.256233E-0003  6.386611E-0003  5.129419E-0003  1.043288E-0002  4.552689E-0003  9.514689E-0003  1.506052E-0003  4.756120E-0003  1.305074E-0002  1.020265E-0002  8.252156E-0003  1.214852E-0002  1.261428E-0002  9.558584E-0003  9.543734E-0004  4.775590E-0003  8.605842E-0003  4.800315E-0003  5.340027E-0003  2.639110E-0003  2.116461E-0003  2.632298E-0003  5.684086E-0003  5.831643E-0003  1.140114E-0002  1.881531E-0003  4.183875E-0003  7.403292E-0003  6.161384E-0003  5.309177E-0003  9.026427E-0003  9.713545E-0003  1.659108E-0003  6.187820E-0003  3.580815E-0003  6.580645E-0003  3.812440E-0003  1.604959E-0003  6.233079E-0003  7.014336E-0003  4.735655E-0003  5.450041E-0003  3.230679E-0003  5.444716E-0003  4.945895E-0003  6.886753E-0003  8.236079E-0003  9.384209E-0003  3.191960E-0003  4.592432E-0003  5.609334E-0003  6.153673E-0003  3.979940E-0003  9.989372E-0003
  5.016734E-0003  9.984884E-0003  0.000000E+0000  5.031553E-0003  8.112572E-0003  5.760301E-0003  3.942634E-0003  9.878478E-0003  1.174197E-0002  6.688451E-0003  9.229551E-0003  4.927998E-0003  1.138494E-0002  1.057616E-0002  7.252812E-0003  5.023769E-0003  3.941109E-0003  2.929062E-0003  7.053481E-0003  1.125379E-0002  5.205178E-0003  2.302083E-0003  2.506266E-0003  8.573985E-0003  1.731375E-0003  1.060454E-0002  1.874298E-0003  7.364662E-0003  3.991698E-0003  7.566183E-0003  5.760261E-0003  9.768455E-0003  8.606581E-0003  1.110819E-0003  1.901378E-0002  1.753333E-0002  8.923602E-0003  7.184639E-0003  1.541830E-0002  9.696895E-0003  2.204435E-0003  5.291468E-0003  9.636334E-0003  5.277883E-0003  1.503085E-0002  7.983634E-0004  1.727054E-0003  9.287673E-0003  4.218979E-0003  6.070876E-0003  4.185917E-0003  6.093375E-0003  3.382316E-0003  5.168847E-0003  4.953692E-0003  8.848719E-0003  7.256025E-0003  3.777310E-0003  8.924642E-0003  3.037555E-0003  5.844364E-0003  4.819847E-0003  7.622136E-0003  1.011459E-0002  3.763305E-0003  8.534262E-0003  4.129332E-0003  7.639442E-0003  5.240871E-0003  3.172636E-0003  4.928055E-0003  1.140593E-0002  1.082319E-0002  5.285828E-0003  1.380160E-0002  1.140807E-0002  3.679375E-0003  6.619672E-0003  4.169378E-0003  2.778862E-0003
  2.103637E-0003  1.110637E-0003  5.031553E-0003  0.000000E+0000  3.085148E-0003  2.920485E-0003  5.455216E-0004  2.025379E-0003  4.776220E-0003  4.299384E-0003  7.758157E-0003  1.573740E-0003  8.793615E-0003  8.607933E-0003  7.058492E-0003  1.905176E-0003  4.806372E-0003  4.467099E-0003  3.522902E-0003  9.091049E-0003  5.094830E-0003  7.755827E-0003  4.059426E-0003  3.143121E-0003  8.926743E-0003  9.360864E-0003  3.056207E-0003  1.154845E-0002  9.531553E-0003  7.020785E-0003  5.163115E-0003  1.168391E-0002  4.123633E-0003  7.143993E-0003  1.903029E-0002  1.544848E-0002  5.191630E-0003  8.865226E-0003  1.441616E-0002  1.094097E-0002  1.094871E-0003  5.475264E-0003  5.587447E-0003  5.459656E-0003  5.448495E-0003  7.272284E-0004  3.386394E-0003  3.744665E-0003  3.230219E-0003  9.605669E-0003  1.286176E-0002  1.336432E-0003  2.056530E-0003  7.976333E-0003  6.081161E-0003  3.185038E-0003  7.274220E-0003  1.753020E-0002  3.973925E-0003  1.254702E-0002  2.912365E-0003  9.525857E-0003  1.217956E-0002  4.282454E-0003  6.229583E-0003  7.639650E-0003  1.070730E-0002  8.992978E-0003  5.928363E-0003  3.052635E-0003  1.453250E-0002  1.009965E-0002  9.845722E-0003  1.217371E-0002  6.638682E-0003  4.720001E-0003  4.021513E-0003  9.818854E-0003  7.680904E-0003  1.161560E-0002
  5.945541E-0003  4.525048E-0003  8.112572E-0003  3.085148E-0003  0.000000E+0000  4.169824E-0003  2.663624E-0003  7.304104E-0003  4.861211E-0003  5.089270E-0003  5.744960E-0003  7.417112E-0003  1.004930E-0002  1.029765E-0002  6.154798E-0003  7.050167E-0003  1.978863E-0003  4.465644E-0003  6.543580E-0003  9.317803E-0003  2.443882E-0003  2.014186E-0003  2.686097E-0003  7.362244E-0003  4.795489E-0004  3.266747E-0003  3.269159E-0003  4.058540E-0003  2.907185E-0003  7.511334E-0003  8.638958E-0004  6.134694E-0003  9.374704E-0003  1.061962E-0003  1.280748E-0002  1.659750E-0002  1.358756E-0002  3.273769E-0003  9.176389E-0003  7.941297E-0003  2.576833E-0003  9.022982E-0003  1.091404E-0002  5.549448E-0003  9.485374E-0003  3.267109E-0003  2.021638E-0003  3.142417E-0003  7.369827E-0003  7.454546E-0003  6.259406E-0003  5.169596E-0003  3.008350E-0003  2.671727E-0003  2.646746E-0003  1.052853E-0002  7.455911E-0003  8.470741E-0003  1.032906E-0002  7.856957E-0003  5.138465E-0003  5.039320E-0003  8.610001E-0003  1.029871E-0002  3.327331E-0003  8.814334E-0003  7.400085E-0003  9.845455E-0003  1.411516E-0002  2.934078E-0003  8.626363E-0003  7.885111E-0003  9.213846E-0003  7.383549E-0003  1.304385E-0002  1.461559E-0002  3.584636E-0003  8.511226E-0003  5.326870E-0003  2.292764E-0003
  4.482811E-0003  2.735301E-0003  5.760301E-0003  2.920485E-0003  4.169824E-0003  0.000000E+0000  4.237101E-0004  2.542687E-0003  1.651182E-0003  4.792314E-0003  2.513678E-0003  2.902892E-0003  2.497238E-0003  4.095714E-0003  3.816499E-0003  5.016879E-0004  5.440037E-0003  4.144693E-0003  1.494449E-0003  7.601241E-0003  7.232235E-0003  1.235542E-0003  2.277528E-0003  1.557730E-0003  2.604700E-0003  5.551116E-0003  9.650235E-0004  4.141688E-0003  4.287562E-0003  1.087602E-0002  3.737741E-0003  6.794506E-0003  1.725574E-0003  2.880324E-0003  1.813870E-0002  1.411721E-0002  1.222262E-0002  1.600204E-0002  1.823962E-0002  1.511311E-0002  1.425205E-0003  2.894943E-0003  3.690000E-0003  3.971338E-0003  2.210465E-0003  5.180871E-0003  1.236247E-0003  2.382468E-0003  6.881389E-0003  5.048148E-0003  2.116962E-0003  1.974723E-0003  4.594227E-0003  3.286005E-0003  2.805031E-0003  2.899683E-0003  2.032365E-0003  1.623231E-0003  8.068105E-0004  7.190589E-0003  2.448977E-0003  6.068754E-0003  3.943529E-0003  1.659779E-0003  1.644264E-0003  3.813948E-0003  2.833937E-0003  5.242184E-0003  1.291960E-0003  5.551832E-0003  3.709618E-0003  5.225696E-0003  7.234379E-0003  7.732795E-0003  5.362037E-0003  5.655052E-0003  4.608355E-0003  5.968671E-0003  3.337283E-0003  1.896312E-0003
  1.794664E-0003  1.912093E-0004  3.942634E-0003  5.455216E-0004  2.663624E-0003  4.237101E-0004  0.000000E+0000  1.919745E-0003  6.466469E-0004  3.347365E-0003  2.192932E-0003  1.473116E-0003  1.783770E-0003  2.263517E-0003  4.069493E-0003  7.632625E-0004  2.638336E-0003  3.065500E-0003  1.323859E-0003  3.892262E-0003  2.081354E-0003  6.848744E-0004  1.127915E-0003  8.623493E-0004  1.434817E-0003  2.407811E-0003  1.004783E-0003  2.238230E-0003  1.568590E-0003  3.246317E-0003  1.117548E-0003  3.594115E-0003  6.431157E-0004  1.635496E-0003  6.467492E-0003  5.551918E-0003  3.462733E-0003  4.088337E-0003  7.126968E-0003  3.923753E-0003  9.079960E-0004  1.847271E-0003  2.900174E-0003  2.653426E-0003  1.951515E-0003  1.333229E-0003  8.757676E-0004  2.002719E-0003  3.034592E-0003  2.822432E-0003  1.890766E-0003  8.475755E-0004  1.424245E-0003  2.442524E-0003  1.700876E-0003  2.197980E-0003  2.397837E-0003  2.929731E-0003  6.831887E-0004  1.554238E-0003  3.016837E-0003  2.131665E-0003  2.908718E-0003  1.189408E-0003  2.253472E-0003  4.957524E-0003  3.198077E-0003  5.144813E-0003  3.140159E-0003  2.195530E-0003  1.889832E-0003  2.574529E-0003  5.833856E-0003  4.259367E-0003  4.615259E-0003  5.050514E-0003  1.318045E-0003  3.110314E-0003  2.377385E-0003  8.331792E-0004
  5.697209E-0003  1.902338E-0003  9.878478E-0003  2.025379E-0003  7.304104E-0003  2.542687E-0003  1.919745E-0003  0.000000E+0000  2.928057E-0003  3.774293E-0003  6.151003E-0003  1.825274E-0003  9.678538E-0003  8.708235E-0003  6.862985E-0003  3.689909E-0003  3.288110E-0003  4.885817E-0003  3.892622E-0003  1.025755E-0002  4.644860E-0003  9.679025E-0003  4.697399E-0003  6.713617E-0003  6.474672E-0003  1.027323E-0002  3.241180E-0003  1.431434E-0002  1.078970E-0002  8.135012E-0003  3.262779E-0003  1.048481E-0002  1.052587E-0002  8.755744E-0003  1.135768E-0002  1.015102E-0002  3.327359E-0003  2.834221E-0003  6.071644E-0003  5.067589E-0003  1.651877E-0003  1.543904E-0002  1.474832E-0002  7.260849E-0003  1.666857E-0002  5.270501E-0003  3.589523E-0003  4.393125E-0003  6.992701E-0003  1.251116E-0002  1.400255E-0002  2.293138E-0003  2.580205E-0003  8.805419E-0003  6.388387E-0003  4.556529E-0003  6.405739E-0003  1.942035E-0002  4.742942E-0003  1.733642E-0002  4.480680E-0003  1.374845E-0002  1.284695E-0002  1.077600E-0002  6.972958E-0003  1.076351E-0002  7.166507E-0003  1.256066E-0002  7.560802E-0003  1.117480E-0003  1.859005E-0002  1.193925E-0002  6.213910E-0003  1.578937E-0002  3.705035E-0003  4.418956E-0003  3.217084E-0003  1.467913E-0002  1.002347E-0002  1.331957E-0002
  3.723992E-0003  4.376359E-0003  1.174197E-0002  4.776220E-0003  4.861211E-0003  1.651182E-0003  6.466469E-0004  2.928057E-0003  0.000000E+0000  4.848472E-0003  7.817213E-0003  4.518395E-0003  3.318765E-0003  5.662915E-0003  6.199210E-0003  3.005196E-0003  3.653989E-0003  6.872187E-0003  5.946093E-0003  3.434764E-0003  9.937076E-0003  2.811484E-0003  3.412960E-0003  3.189074E-0003  9.536834E-0003  8.745709E-0003  1.889297E-0003  7.422145E-0003  3.676049E-0003  1.382218E-0002  6.286872E-0003  5.363151E-0003  6.816175E-0004  6.183742E-0003  1.006059E-0002  6.430526E-0003  9.614267E-0003  1.177049E-0002  1.148420E-0002  8.600273E-0003  2.958468E-0003  5.835296E-0003  1.237919E-0002  6.901383E-0003  9.060051E-0003  2.763671E-0003  1.784861E-0003  4.536642E-0003  1.183103E-0002  9.668290E-0003  1.747248E-0002  3.711916E-0003  5.861466E-0003  7.924601E-0003  1.066555E-0002  4.380906E-0003  7.540572E-0003  1.964634E-0002  2.546072E-0003  5.493047E-0003  3.956601E-0003  2.557575E-0003  6.531471E-0003  4.306555E-0004  8.782611E-0003  8.735606E-0003  9.918541E-0003  7.881980E-0003  5.601229E-0003  8.556821E-0003  7.242831E-0003  4.209836E-0003  1.054412E-0002  8.490729E-0003  3.568678E-0003  6.327439E-0003  4.871919E-0003  8.201661E-0003  5.523391E-0003  9.276112E-0003
  3.599432E-0003  5.828614E-0003  6.688451E-0003  4.299384E-0003  5.089270E-0003  4.792314E-0003  3.347365E-0003  3.774293E-0003  4.848472E-0003  0.000000E+0000  4.341415E-0003  2.994380E-0003  6.534314E-0003  4.880301E-0003  3.893769E-0003  1.218706E-0003  5.122001E-0003  5.481227E-0003  3.248454E-0003  6.836942E-0003  4.951533E-0003  5.926194E-0004  1.322852E-0003  2.681477E-0003  2.559311E-0003  3.856163E-0003  2.161397E-0003  2.755026E-0003  3.732428E-0003  1.259489E-0002  2.528947E-0003  1.002569E-0002  1.987190E-0003  1.784208E-0003  1.660238E-0002  1.138780E-0002  1.008691E-0002  1.385302E-0002  1.772407E-0002  1.218577E-0002  2.879661E-0003  8.012642E-0003  4.728919E-0003  5.443077E-0003  9.991624E-0003  2.039563E-0003  5.947837E-0004  7.582460E-0003  2.687290E-0003  2.930688E-0003  3.147435E-0003  5.469312E-0003  6.056751E-0003  3.218745E-0003  3.175445E-0003  4.654189E-0003  4.285440E-0003  5.722530E-0003  2.213182E-0003  3.523512E-0003  4.230185E-0003  2.916038E-0003  4.752027E-0003  3.716807E-0003  2.791284E-0003  3.743612E-0003  4.456705E-0003  3.823919E-0003  2.437751E-0003  7.670538E-0003  2.199198E-0003  6.117713E-0003  7.382070E-0003  4.922423E-0003  8.035526E-0003  1.046080E-0002  3.428559E-0003  5.788863E-0003  2.674754E-0003  2.222086E-0003
  3.717192E-0003  4.707271E-0003  9.229551E-0003  7.758157E-0003  5.744960E-0003  2.513678E-0003  2.192932E-0003  6.151003E-0003  7.817213E-0003  4.341415E-0003  0.000000E+0000  1.016329E-0002  2.509289E-0003  3.965175E-0003  2.983266E-0003  1.569427E-0003  1.597358E-0003  6.105178E-0003  3.406531E-0003  6.488847E-0003  9.289912E-0003  2.732528E-0003  4.952454E-0003  3.462892E-0003  5.449044E-0003  3.066152E-0003  2.508754E-0003  3.864012E-0003  3.051282E-0003  9.102382E-0003  5.539618E-0003  8.066438E-0003  3.147598E-0003  3.052498E-0003  1.483599E-0002  1.476448E-0002  6.351782E-0003  7.658883E-0003  1.215734E-0002  1.090318E-0002  5.335470E-0003  7.507587E-0003  8.304596E-0003  9.309275E-0003  7.271144E-0003  2.109779E-0003  6.347155E-0004  1.055322E-0002  5.450211E-0003  3.076471E-0003  2.815133E-0003  8.115932E-0003  6.114391E-0003  6.645117E-0003  1.656573E-0003  2.946065E-0003  3.670280E-0003  2.169800E-0003  3.890527E-0003  4.709079E-0003  2.079960E-0003  2.364252E-0003  1.486795E-0003  4.399315E-0003  1.986479E-0003  8.575151E-0004  2.577672E-0003  1.215340E-0003  1.837969E-0003  5.414257E-0003  5.100714E-0003  6.368792E-0003  3.496756E-0003  3.234271E-0003  4.709278E-0003  4.902532E-0003  3.038317E-0003  4.927061E-0003  1.281537E-0003  2.845887E-0003
  3.376984E-0003  1.663075E-0003  4.927998E-0003  1.573740E-0003  7.417112E-0003  2.902892E-0003  1.473116E-0003  1.825274E-0003  4.518395E-0003  2.994380E-0003  1.016329E-0002  0.000000E+0000  8.704826E-0003  7.519853E-0003  7.613551E-0003  5.476024E-0003  2.765666E-0003  2.932972E-0003  7.278457E-0003  1.242932E-0002  1.136111E-0002  9.097268E-0003  5.469486E-0003  8.632659E-0003  1.038552E-0002  1.211837E-0002  2.481033E-0003  1.436563E-0002  8.757251E-0003  8.644431E-0003  6.293183E-0003  1.125498E-0002  1.594100E-0002  9.047310E-0003  6.376780E-0003  6.755699E-0003  2.978303E-0003  5.306766E-0003  3.422358E-0003  2.547216E-0003  1.332861E-0003  1.175338E-0002  9.499481E-0003  6.486818E-0003  1.309929E-0002  1.039045E-0002  7.620476E-0003  5.418107E-0003  1.046870E-0002  1.614365E-0002  7.754348E-0003  2.200702E-0003  6.690762E-0003  9.705436E-0003  9.655093E-0003  1.007815E-0002  1.247722E-0002  1.402365E-0002  1.008703E-0002  5.309288E-0003  8.277310E-0003  6.370059E-0003  1.381024E-0002  1.194048E-0002  7.948141E-0003  8.985453E-0003  5.600862E-0003  2.202805E-0002  8.571971E-0003  1.092719E-0003  1.050051E-0002  8.899611E-0003  1.262378E-0002  1.998943E-0002  2.137599E-0003  2.540911E-0003  4.891022E-0003  6.015512E-0003  5.316979E-0003  1.186484E-0002
  8.287698E-0003  5.019519E-0003  1.138494E-0002  8.793615E-0003  1.004930E-0002  2.497238E-0003  1.783770E-0003  9.678538E-0003  3.318765E-0003  6.534314E-0003  2.509289E-0003  8.704826E-0003  0.000000E+0000  3.914881E-0003  2.621856E-0003  2.107183E-0003  2.534924E-0003  3.949598E-0003  4.905080E-0003  6.347192E-0003  6.708300E-0003  3.176232E-0003  5.447358E-0003  5.257416E-0003  3.748065E-0003  3.714194E-0003  4.423520E-0003  4.730027E-0003  4.029632E-0003  5.252893E-0003  4.120513E-0003  6.044840E-0003  1.362844E-0002  4.506198E-0003  7.338723E-0003  9.233056E-0003  2.380115E-0003  4.082369E-0003  5.982273E-0003  3.661106E-0003  6.525247E-0003  8.954832E-0003  1.199459E-0002  6.538106E-0003  6.715864E-0003  5.650343E-0003  1.167942E-0002  1.169084E-0002  6.107997E-0003  1.242072E-0002  2.170269E-0002  7.743315E-0003  6.186280E-0003  5.164233E-0003  8.651183E-0003  4.424309E-0003  9.304911E-0003  2.115317E-0002  6.050889E-0003  1.958555E-0002  1.236902E-0002  9.316190E-0003  1.755999E-0002  6.175487E-0003  8.886802E-0003  1.914392E-0002  1.287449E-0002  3.626936E-0002  2.191950E-0002  2.218559E-0003  2.045128E-0002  4.929942E-0003  8.266657E-0003  2.811027E-0002  2.134197E-0003  8.562600E-0003  2.108577E-0003  1.890258E-0002  1.792064E-0002  8.140278E-0003
  6.288282E-0003  3.680353E-0003  1.057616E-0002  8.607933E-0003  1.029765E-0002  4.095714E-0003  2.263517E-0003  8.708235E-0003  5.662915E-0003  4.880301E-0003  3.965175E-0003  7.519853E-0003  3.914881E-0003  0.000000E+0000  3.670081E-0003  4.912425E-0003  3.325619E-0003  4.315846E-0003  4.946135E-0003  5.012493E-0003  9.498384E-0003  5.048921E-0003  4.703468E-0003  3.303246E-0003  9.706670E-0003  6.358603E-0003  2.613723E-0003  8.856967E-0003  6.761419E-0003  3.478304E-0003  5.520201E-0003  3.117860E-0003  4.795241E-0003  6.939237E-0003  5.482458E-0003  4.580484E-0003  2.309489E-0003  3.454818E-0003  4.766212E-0003  1.627054E-0003  5.668844E-0003  9.419627E-0003  1.228433E-0002  1.126843E-0002  1.096470E-0002  8.959587E-0003  4.061921E-0003  1.214570E-0002  1.260655E-0002  1.902412E-0002  2.197030E-0002  6.844603E-0003  1.370878E-0002  8.047502E-0003  1.122544E-0002  6.366734E-0003  1.203660E-0002  2.239607E-0002  6.491005E-0003  7.541141E-0003  4.012668E-0003  5.084721E-0003  9.712691E-0003  4.215747E-0003  1.249877E-0002  1.095010E-0002  1.173628E-0002  1.421869E-0002  1.035559E-0002  1.438987E-0003  1.034021E-0002  4.044743E-0003  7.444472E-0003  1.802789E-0002  1.158244E-0003  4.371245E-0003  4.127306E-0003  7.058037E-0003  7.695547E-0003  9.587971E-0003
  3.356346E-0003  4.845671E-0003  7.252812E-0003  7.058492E-0003  6.154798E-0003  3.816499E-0003  4.069493E-0003  6.862985E-0003  6.199210E-0003  3.893769E-0003  2.983266E-0003  7.613551E-0003  2.621856E-0003  3.670081E-0003  0.000000E+0000  6.040744E-0003  2.067233E-0003  4.718324E-0003  9.046424E-0003  3.753366E-0003  6.954311E-0003  1.149884E-0003  5.632475E-0003  6.844446E-0003  4.000724E-0003  2.757937E-0003  4.778705E-0003  2.239593E-0003  2.679382E-0003  4.038979E-0003  6.786533E-0003  5.227224E-0003  4.429632E-0003  2.639326E-0003  6.614739E-0003  6.717255E-0003  1.819313E-0003  2.565611E-0003  4.427876E-0003  4.288435E-0003  5.721741E-0003  8.208131E-0003  6.986078E-0003  1.054991E-0002  8.888029E-0003  3.834564E-0003  9.789898E-0004  1.293001E-0002  6.185825E-0003  5.710685E-0003  3.494143E-0003  8.840352E-0003  7.392390E-0003  5.880801E-0003  2.521744E-0003  7.948501E-0003  9.168755E-0003  3.652466E-0003  9.800282E-0003  3.950099E-0003  8.035784E-0004  1.388774E-0003  1.309569E-0003  6.545546E-0003  4.988445E-0003  1.506506E-0003  2.708297E-0003  1.318475E-0003  3.315887E-0003  2.220493E-0003  6.116514E-0003  3.936020E-0003  4.378863E-0003  2.790008E-0003  2.096533E-0003  2.285111E-0003  1.761168E-0003  2.491463E-0003  1.149089E-0003  1.577754E-0003
  4.576134E-0003  1.943760E-0003  5.023769E-0003  1.905176E-0003  7.050167E-0003  5.016879E-0004  7.632625E-0004  3.689909E-0003  3.005196E-0003  1.218706E-0003  1.569427E-0003  5.476024E-0003  2.107183E-0003  4.912425E-0003  6.040744E-0003  0.000000E+0000  4.068329E-0003  4.671995E-0003  1.609324E-0003  9.256598E-0004  8.362539E-0003  8.667177E-0004  2.974689E-0003  3.497565E-0003  1.868229E-0003  9.676150E-0004  9.676404E-0004  3.051658E-0003  7.294814E-0004  1.178274E-0003  1.162467E-0003  1.045786E-0002  1.228447E-0002  2.102920E-0003  2.981033E-0003  2.189040E-0003  2.685681E-0003  8.174186E-0004  2.405237E-0003  1.778945E-0003  3.958878E-0003  2.760990E-0003  8.044148E-0003  1.613521E-0003  8.274476E-0003  5.777959E-0003  1.853886E-0003  3.446877E-0003  4.793757E-0004  2.048485E-0003  3.257163E-0003  5.086770E-0003  3.075517E-0003  1.390845E-0003  1.280083E-0003  1.974739E-0003  1.724289E-0003  3.302907E-0003  1.828603E-0003  8.823894E-0003  7.991601E-0003  5.784478E-0003  1.267725E-0002  1.398439E-0003  1.407639E-0003  9.900628E-0003  1.234615E-0002  1.596637E-0002  1.032549E-0002  9.403064E-0004  1.520062E-0002  2.946830E-0003  8.069799E-0003  1.462738E-0002  4.724754E-0003  6.328475E-0003  2.450916E-0003  1.177073E-0002  7.495601E-0003  9.643785E-0004
  3.964041E-0003  4.461203E-0003  3.941109E-0003  4.806372E-0003  1.978863E-0003  5.440037E-0003  2.638336E-0003  3.288110E-0003  3.653989E-0003  5.122001E-0003  1.597358E-0003  2.765666E-0003  2.534924E-0003  3.325619E-0003  2.067233E-0003  4.068329E-0003  0.000000E+0000  9.143816E-0003  4.254606E-0003  1.563145E-0003  4.151586E-0003  8.364447E-0004  2.484938E-0003  4.843957E-0003  2.326707E-0003  1.466268E-0003  6.412172E-0003  1.439181E-0003  1.503693E-0003  2.772124E-0003  1.713468E-0003  7.897822E-0003  7.126926E-0003  3.995488E-0003  4.353862E-0003  5.819216E-0003  2.054081E-0003  2.888324E-0003  2.557658E-0003  2.775408E-0003  2.798321E-0003  2.216793E-0003  1.099529E-0003  2.315836E-0003  2.515085E-0003  2.572940E-0003  6.719441E-0004  2.097192E-0003  2.113088E-0003  3.731722E-0003  1.000378E-0003  1.686318E-0003  1.197015E-0003  1.203454E-0003  2.102769E-0003  5.164651E-0003  3.884112E-0003  2.136977E-0003  4.550713E-0003  1.472553E-0003  1.849531E-0003  1.234428E-0003  1.662595E-0003  3.919635E-0003  2.384330E-0003  1.454478E-0003  1.709969E-0003  1.624892E-0003  4.141164E-0003  1.508091E-0003  3.388396E-0003  4.919684E-0003  2.966024E-0003  2.828166E-0003  3.187079E-0003  2.696366E-0003  3.438371E-0003  2.731606E-0003  1.511894E-0003  1.429041E-0003
  2.740917E-0003  4.976156E-0003  2.929062E-0003  4.467099E-0003  4.465644E-0003  4.144693E-0003  3.065500E-0003  4.885817E-0003  6.872187E-0003  5.481227E-0003  6.105178E-0003  2.932972E-0003  3.949598E-0003  4.315846E-0003  4.718324E-0003  4.671995E-0003  9.143816E-0003  0.000000E+0000  4.271377E-0003  7.099365E-0003  7.608132E-0003  6.719902E-0003  4.142293E-0003  4.915139E-0003  7.624703E-0003  5.376392E-0003  3.091687E-0003  5.942463E-0003  5.409027E-0003  1.025586E-0002  5.045524E-0003  8.487204E-0003  4.181021E-0003  7.215780E-0003  7.302065E-0003  9.666363E-0003  7.475112E-0003  8.746070E-0003  1.136011E-0002  1.089817E-0002  2.389443E-0003  2.020677E-0003  3.720995E-0003  1.883873E-0003  4.199446E-0003  1.122555E-0003  1.738123E-0003  2.451755E-0003  2.020697E-0003  3.528227E-0003  2.700948E-0003  1.717311E-0003  3.338254E-0003  7.979043E-0004  1.462932E-0003  6.138506E-0003  2.296071E-0003  3.369105E-0003  4.883533E-0003  6.012147E-0003  2.838150E-0003  4.467703E-0003  4.546323E-0003  3.855336E-0003  1.676881E-0003  2.703211E-0003  7.242256E-0003  5.618149E-0003  4.010309E-0003  5.631608E-0003  6.262506E-0003  3.061962E-0003  3.855711E-0003  5.926029E-0003  3.405646E-0003  3.977604E-0003  4.553603E-0003  6.993297E-0003  6.435869E-0003  4.042638E-0003
  4.848665E-0003  4.623689E-0003  7.053481E-0003  3.522902E-0003  6.543580E-0003  1.494449E-0003  1.323859E-0003  3.892622E-0003  5.946093E-0003  3.248454E-0003  3.406531E-0003  7.278457E-0003  4.905080E-0003  4.946135E-0003  9.046424E-0003  1.609324E-0003  4.254606E-0003  4.271377E-0003  0.000000E+0000  2.863741E-0003  9.748748E-0003  1.178226E-0003  4.507319E-0003  1.389152E-0003  1.760061E-0003  2.004729E-0003  1.570129E-0003  4.535897E-0003  1.476472E-0003  2.113784E-0003  1.233988E-0003  9.821351E-0003  1.088893E-0002  2.050378E-0003  4.927253E-0003  2.693587E-0003  5.132317E-0003  2.730837E-0003  3.092167E-0003  3.777646E-0003  2.977487E-0003  2.557435E-0003  7.307856E-0003  1.766678E-0003  7.108876E-0003  6.367131E-0003  1.886921E-0003  3.577282E-0003  7.451209E-0004  3.896358E-0003  3.176652E-0003  5.342590E-0003  3.702943E-0003  1.695013E-0003  2.106199E-0003  1.708182E-0003  8.537187E-0004  2.774323E-0003  9.579249E-0004  1.170366E-0002  8.978068E-0003  8.524516E-0003  1.300742E-0002  1.549308E-0003  1.644232E-0003  1.241473E-0002  1.207148E-0002  1.523205E-0002  1.101588E-0002  1.714906E-0003  1.354735E-0002  2.062903E-0003  1.197576E-0002  1.228203E-0002  8.981092E-0003  9.064511E-0003  3.112758E-0003  1.266762E-0002  7.580922E-0003  1.241126E-0003
  1.051816E-0002  7.247516E-0003  1.125379E-0002  9.091049E-0003  9.317803E-0003  7.601241E-0003  3.892262E-0003  1.025755E-0002  3.434764E-0003  6.836942E-0003  6.488847E-0003  1.242932E-0002  6.347192E-0003  5.012493E-0003  3.753366E-0003  9.256598E-0004  1.563145E-0003  7.099365E-0003  2.863741E-0003  0.000000E+0000  7.506591E-0003  5.049161E-0003  4.519952E-0003  1.520575E-0003  3.825975E-0003  5.693041E-0003  1.112198E-0002  7.324512E-0003  6.237375E-0003  6.034936E-0003  6.937420E-0003  8.989243E-0003  8.577097E-0003  9.465188E-0003  1.151562E-0002  1.032737E-0002  5.826706E-0003  7.849544E-0003  7.560614E-0003  9.741614E-0003  6.521382E-0003  6.545514E-0003  6.052902E-0003  9.457203E-0003  5.907137E-0003  1.117362E-0002  9.653321E-0003  1.083739E-0002  6.678456E-0003  1.418601E-0002  1.335325E-0002  7.972006E-0003  5.480693E-0003  7.295086E-0003  6.303642E-0003  1.309277E-0003  8.230513E-0003  1.998134E-0002  3.053057E-0003  1.434550E-0002  9.558718E-0003  1.003104E-0002  1.336060E-0002  2.244078E-0003  1.128255E-0002  9.587961E-0003  1.100989E-0002  2.219005E-0002  1.187356E-0002  5.359569E-0003  1.388387E-0002  3.744385E-0003  6.138275E-0003  1.398764E-0002  6.757661E-0003  9.726861E-0003  2.878054E-0003  1.199700E-0002  1.263008E-0002  7.993348E-0003
  3.499455E-0003  9.504145E-0003  5.205178E-0003  5.094830E-0003  2.443882E-0003  7.232235E-0003  2.081354E-0003  4.644860E-0003  9.937076E-0003  4.951533E-0003  9.289912E-0003  1.136111E-0002  6.708300E-0003  9.498384E-0003  6.954311E-0003  8.362539E-0003  4.151586E-0003  7.608132E-0003  9.748748E-0003  7.506591E-0003  0.000000E+0000  4.475088E-0003  5.575177E-0003  1.295857E-0002  3.100553E-0003  4.980805E-0003  8.732164E-0003  5.933459E-0003  6.097380E-0003  1.307087E-0002  5.871570E-0003  7.961442E-0003  6.438034E-0003  3.848669E-0003  1.388083E-0002  1.638698E-0002  1.310772E-0002  1.323830E-0002  1.852826E-0002  1.495562E-0002  3.048729E-0003  3.462232E-0003  4.933901E-0003  4.767553E-0003  4.064846E-0003  6.810965E-0003  2.673825E-0003  6.000343E-0003  5.214708E-0003  6.738759E-0003  2.666489E-0003  6.300068E-0003  7.835057E-0003  2.254239E-0003  1.440200E-0003  1.042723E-0002  9.263841E-0003  6.299766E-0003  1.092038E-0002  1.227723E-0002  9.586544E-0003  9.955184E-0003  9.121336E-0003  1.397214E-0002  3.594687E-0003  5.522280E-0003  1.151326E-0002  1.616597E-0002  2.999488E-0003  8.569657E-0003  1.357461E-0002  6.803990E-0003  4.984305E-0003  1.217143E-0002  4.252811E-0003  6.295695E-0003  1.731094E-0003  1.367731E-0002  8.598147E-0003  3.554162E-0003
  2.107966E-0003  5.389255E-0003  2.302083E-0003  7.755827E-0003  2.014186E-0003  1.235542E-0003  6.848744E-0004  9.679025E-0003  2.811484E-0003  5.926194E-0004  2.732528E-0003  9.097268E-0003  3.176232E-0003  5.048921E-0003  1.149884E-0003  8.667177E-0004  8.364447E-0004  6.719902E-0003  1.178226E-0003  5.049161E-0003  4.475088E-0003  0.000000E+0000  3.898869E-0003  1.962654E-0003  1.019612E-0003  1.822785E-0003  2.626576E-0003  6.076089E-0004  3.174957E-0003  6.528213E-0003  4.085648E-0003  1.052421E-0002  1.059748E-0002  7.797680E-0003  1.122815E-0002  1.293110E-0002  4.603001E-0003  9.392344E-0003  8.467456E-0003  8.769145E-0003  2.216135E-0003  3.574109E-0003  2.649345E-0003  1.529212E-0003  2.811363E-0003  5.692037E-0003  6.458978E-0003  7.491821E-0003  2.013428E-0003  1.101313E-0002  8.695641E-0003  5.529445E-0003  5.267714E-0003  5.841399E-0003  2.705347E-0003  1.358799E-0003  1.716828E-0003  8.989203E-0003  1.394683E-0003  2.109000E-0002  1.198174E-0002  1.073717E-0002  1.372300E-0002  3.256972E-0003  2.970741E-0003  9.012925E-0003  8.509939E-0003  2.559020E-0002  1.172889E-0002  4.364465E-0003  1.431384E-0002  3.803176E-0003  2.225801E-0003  1.325847E-0002  2.138664E-0003  4.590815E-0003  2.036914E-0003  1.270635E-0002  1.240300E-0002  1.788551E-0003
  1.012153E-0003  2.758951E-0003  2.506266E-0003  4.059426E-0003  2.686097E-0003  2.277528E-0003  1.127915E-0003  4.697399E-0003  3.412960E-0003  1.322852E-0003  4.952454E-0003  5.469486E-0003  5.447358E-0003  4.703468E-0003  5.632475E-0003  2.974689E-0003  2.484938E-0003  4.142293E-0003  4.507319E-0003  4.519952E-0003  5.575177E-0003  3.898869E-0003  0.000000E+0000  7.163458E-0003  4.693904E-0003  3.478585E-0003  2.704991E-0003  5.532312E-0003  3.760753E-0003  9.098404E-0003  1.816030E-0003  9.881421E-0003  9.485718E-0003  6.089909E-0003  8.505703E-0003  9.985640E-0003  4.912479E-0003  5.836130E-0003  7.450821E-0003  6.011834E-0003  3.192579E-0003  2.582543E-0003  5.193894E-0003  5.494657E-0003  7.969187E-0003  2.587201E-0003  3.571899E-0003  3.769972E-0003  1.466731E-0003  5.133117E-0003  5.944666E-0003  2.331914E-0003  6.308238E-0003  2.793366E-0003  1.967245E-0003  3.358443E-0003  3.389196E-0003  8.441942E-0003  4.186794E-0003  1.199688E-0002  8.704722E-0003  5.685077E-0003  9.919221E-0003  8.851108E-0003  1.845433E-0003  4.598542E-0003  8.145309E-0003  1.302435E-0002  6.700443E-0003  2.131687E-0003  8.651657E-0003  7.455465E-0003  5.664186E-0003  9.876158E-0003  2.215609E-0003  6.131601E-0003  2.155780E-0003  1.214893E-0002  6.697175E-0003  3.925995E-0003
  8.351485E-0003  2.934910E-0003  8.573985E-0003  3.143121E-0003  7.362244E-0003  1.557730E-0003  8.623493E-0004  6.713617E-0003  3.189074E-0003  2.681477E-0003  3.462892E-0003  8.632659E-0003  5.257416E-0003  3.303246E-0003  6.844446E-0003  3.497565E-0003  4.843957E-0003  4.915139E-0003  1.389152E-0003  1.520575E-0003  1.295857E-0002  1.962654E-0003  7.163458E-0003  0.000000E+0000  1.963998E-0003  2.183597E-0003  3.808127E-0003  3.878664E-0003  2.200308E-0003  2.200704E-0003  3.375819E-0003  5.398440E-0003  8.753296E-0003  2.942120E-0003  1.171834E-0003  1.840867E-0003  5.516517E-0003  1.972264E-0003  3.308585E-0003  3.079173E-0003  3.723362E-0003  4.910802E-0003  1.014561E-0002  4.009637E-0003  7.021218E-0003  7.137782E-0003  2.280629E-0003  5.022741E-0003  1.335772E-0003  2.606823E-0003  3.229373E-0003  6.165136E-0003  2.055711E-0003  2.987700E-0003  2.335843E-0003  3.965220E-0003  1.664753E-0003  2.999105E-0003  1.719701E-0003  6.559310E-0003  6.679594E-0003  7.835818E-0003  9.393468E-0003  8.686182E-0004  1.182039E-0003  1.366589E-0002  8.983321E-0003  1.499575E-0002  1.471946E-0002  9.463296E-0004  1.108758E-0002  1.769363E-0003  1.124934E-0002  1.224762E-0002  8.540137E-0003  8.289870E-0003  3.228387E-0003  1.270952E-0002  8.350560E-0003  1.038019E-0003
  1.316954E-0003  6.684249E-0003  1.731375E-0003  8.926743E-0003  4.795489E-0004  2.604700E-0003  1.434817E-0003  6.474672E-0003  9.536834E-0003  2.559311E-0003  5.449044E-0003  1.038552E-0002  3.748065E-0003  9.706670E-0003  4.000724E-0003  1.868229E-0003  2.326707E-0003  7.624703E-0003  1.760061E-0003  3.825975E-0003  3.100553E-0003  1.019612E-0003  4.693904E-0003  1.963998E-0003  0.000000E+0000  1.007152E-0003  1.239557E-0003  2.475403E-0003  2.495885E-0003  4.373480E-0003  1.444585E-0003  2.469349E-0003  2.663145E-0003  1.169666E-0003  5.043240E-0003  4.756534E-0003  2.619780E-0003  2.729322E-0003  3.200874E-0003  2.275126E-0003  3.629089E-0003  2.318424E-0003  8.676011E-0004  2.417878E-0003  9.976341E-0004  3.859135E-0003  5.679357E-0004  5.352553E-0003  5.018000E-0003  6.377457E-0003  2.348431E-0003  4.401994E-0003  3.391420E-0003  2.132476E-0003  9.923221E-0004  2.210244E-0003  4.784331E-0003  3.179612E-0003  2.182219E-0003  1.222083E-0002  4.514534E-0003  6.416212E-0003  5.419546E-0003  2.062161E-0003  4.587052E-0003  3.040108E-0003  4.233394E-0003  7.090441E-0003  2.218619E-0003  1.184912E-0003  5.624136E-0003  2.944735E-0003  3.025440E-0003  3.973758E-0003  3.691695E-0003  3.003843E-0003  1.092980E-0003  5.841655E-0003  3.346753E-0003  2.294086E-0004
  7.240618E-0003  9.372186E-0003  1.060454E-0002  9.360864E-0003  3.266747E-0003  5.551116E-0003  2.407811E-0003  1.027323E-0002  8.745709E-0003  3.856163E-0003  3.066152E-0003  1.211837E-0002  3.714194E-0003  6.358603E-0003  2.757937E-0003  9.676150E-0004  1.466268E-0003  5.376392E-0003  2.004729E-0003  5.693041E-0003  4.980805E-0003  1.822785E-0003  3.478585E-0003  2.183597E-0003  1.007152E-0003  0.000000E+0000  8.340920E-0003  4.943832E-0003  2.834727E-0003  5.765636E-0003  2.556070E-0003  8.664439E-0003  9.961443E-0003  6.393228E-0003  9.351033E-0003  1.273985E-0002  4.765360E-0003  7.576119E-0003  8.223847E-0003  9.007820E-0003  5.420420E-0003  1.054030E-0002  8.343162E-0003  1.025884E-0002  5.780075E-0003  5.270287E-0003  8.525027E-0003  1.362863E-0002  1.984242E-0003  1.212444E-0002  1.599049E-0002  9.718203E-0003  4.537144E-0003  4.414964E-0003  5.956600E-0003  1.129421E-0003  2.820554E-0003  1.762475E-0002  1.601688E-0003  2.837806E-0002  1.465285E-0002  1.606778E-0002  1.962095E-0002  2.971605E-0003  5.461075E-0003  1.626080E-0002  1.236767E-0002  3.360092E-0002  1.948663E-0002  4.687221E-0003  2.347875E-0002  2.335997E-0003  5.839792E-0003  2.206721E-0002  4.365736E-0003  8.007391E-0003  8.979765E-0004  2.130483E-0002  1.920664E-0002  4.011844E-0003
  3.270083E-0003  1.256233E-0003  1.874298E-0003  3.056207E-0003  3.269159E-0003  9.650235E-0004  1.004783E-0003  3.241180E-0003  1.889297E-0003  2.161397E-0003  2.508754E-0003  2.481033E-0003  4.423520E-0003  2.613723E-0003  4.778705E-0003  9.676404E-0004  6.412172E-0003  3.091687E-0003  1.570129E-0003  1.112198E-0002  8.732164E-0003  2.626576E-0003  2.704991E-0003  3.808127E-0003  1.239557E-0003  8.340920E-0003  0.000000E+0000  8.672971E-0003  2.657829E-0003  3.807674E-0003  2.571408E-0003  3.938806E-0003  3.406143E-0003  2.873912E-0003  1.719396E-0002  1.286156E-0002  7.323965E-0003  6.384118E-0003  1.078620E-0002  7.032573E-0003  2.562536E-0003  1.913425E-0003  1.238283E-0003  3.038974E-0003  3.945327E-0003  3.143343E-0003  1.144937E-0003  3.863633E-0003  2.468816E-0003  8.269402E-0003  6.538643E-0003  2.402418E-0003  1.965067E-0003  2.461016E-0003  4.807249E-0003  1.733629E-0003  2.935539E-0003  3.145468E-0003  1.317592E-0003  3.241147E-0003  1.995897E-0003  3.826352E-0003  3.253881E-0003  4.966413E-0003  2.248580E-0003  4.180323E-0003  2.939325E-0003  3.683225E-0003  2.168201E-0003  1.617732E-0003  1.557218E-0003  4.515979E-0003  5.177319E-0003  3.709864E-0003  7.033729E-0003  5.181286E-0003  8.786113E-0004  2.926174E-0003  1.173735E-0003  8.578005E-0004
  3.747645E-0003  6.386611E-0003  7.364662E-0003  1.154845E-0002  4.058540E-0003  4.141688E-0003  2.238230E-0003  1.431434E-0002  7.422145E-0003  2.755026E-0003  3.864012E-0003  1.436563E-0002  4.730027E-0003  8.856967E-0003  2.239593E-0003  3.051658E-0003  1.439181E-0003  5.942463E-0003  4.535897E-0003  7.324512E-0003  5.933459E-0003  6.076089E-0004  5.532312E-0003  3.878664E-0003  2.475403E-0003  4.943832E-0003  8.672971E-0003  0.000000E+0000  3.472333E-0003  5.563283E-0003  4.312190E-0003  6.622556E-0003  6.731292E-0003  4.553212E-0003  1.063340E-0002  1.037798E-0002  7.100791E-0003  6.971215E-0003  9.314485E-0003  7.344321E-0003  3.706386E-0003  5.148761E-0003  5.651133E-0003  5.238787E-0003  5.213397E-0003  8.550396E-0003  6.738598E-0003  1.312879E-0002  6.550012E-0003  1.686163E-0002  1.307449E-0002  9.709680E-0003  5.563957E-0003  5.258180E-0003  4.520988E-0003  4.394460E-0003  4.854297E-0003  1.300452E-0002  5.638918E-0003  2.005481E-0002  1.187241E-0002  1.026770E-0002  1.584953E-0002  3.565569E-0003  4.501453E-0003  9.488499E-0003  1.010563E-0002  2.847242E-0002  7.623037E-0003  3.833537E-0003  1.759901E-0002  2.178041E-0003  4.011328E-0003  1.655075E-0002  4.411223E-0003  1.033814E-0002  3.926533E-0003  1.700747E-0002  1.543339E-0002  4.124552E-0003
  3.704835E-0003  5.129419E-0003  3.991698E-0003  9.531553E-0003  2.907185E-0003  4.287562E-0003  1.568590E-0003  1.078970E-0002  3.676049E-0003  3.732428E-0003  3.051282E-0003  8.757251E-0003  4.029632E-0003  6.761419E-0003  2.679382E-0003  7.294814E-0004  1.503693E-0003  5.409027E-0003  1.476472E-0003  6.237375E-0003  6.097380E-0003  3.174957E-0003  3.760753E-0003  2.200308E-0003  2.495885E-0003  2.834727E-0003  2.657829E-0003  3.472333E-0003  0.000000E+0000  4.866831E-0003  3.118878E-0003  8.284745E-0003  9.726417E-0003  5.626904E-0003  8.876774E-0003  1.154590E-0002  3.674706E-0003  6.454953E-0003  6.949170E-0003  7.562804E-0003  2.984063E-0003  4.977152E-0003  2.168237E-0003  5.160929E-0003  2.944139E-0003  6.002733E-0003  7.487230E-0003  6.402638E-0003  5.062390E-0003  1.178895E-0002  1.504828E-0002  4.738780E-0003  4.153477E-0003  4.595495E-0003  5.647941E-0003  9.758029E-0004  4.646691E-0003  1.662707E-0002  1.747048E-0003  2.623578E-0002  1.313884E-0002  1.451733E-0002  1.758799E-0002  3.091754E-0003  5.677423E-0003  1.414971E-0002  1.103903E-0002  3.045624E-0002  1.678593E-0002  3.805945E-0003  2.131720E-0002  2.686595E-0003  4.758321E-0003  1.945548E-0002  3.079427E-0003  6.689015E-0003  8.265007E-0004  1.820898E-0002  1.667140E-0002  3.783883E-0003
  1.077472E-0002  1.043288E-0002  7.566183E-0003  7.020785E-0003  7.511334E-0003  1.087602E-0002  3.246317E-0003  8.135012E-0003  1.382218E-0002  1.259489E-0002  9.102382E-0003  8.644431E-0003  5.252893E-0003  3.478304E-0003  4.038979E-0003  1.178274E-0003  2.772124E-0003  1.025586E-0002  2.113784E-0003  6.034936E-0003  1.307087E-0002  6.528213E-0003  9.098404E-0003  2.200704E-0003  4.373480E-0003  5.765636E-0003  3.807674E-0003  5.563283E-0003  4.866831E-0003  0.000000E+0000  5.074691E-0003  5.266252E-0003  7.776405E-0003  7.391612E-0003  1.023570E-0002  8.770074E-0003  6.613331E-0003  9.030318E-0003  8.034856E-0003  7.574672E-0003  5.015662E-0003  5.189391E-0003  6.439093E-0003  8.928881E-0003  7.000650E-0003  7.150383E-0003  4.098246E-0003  6.366992E-0003  5.923734E-0003  4.271435E-0003  2.605066E-0003  5.416784E-0003  4.472263E-0003  3.395692E-0003  2.926202E-0003  1.725492E-0003  5.222392E-0003  2.867693E-0003  1.576624E-0003  1.113186E-0002  7.132445E-0003  1.347436E-0002  9.468472E-0003  2.394050E-0003  3.383963E-0003  1.459642E-0002  5.752494E-0003  1.542714E-0002  2.164084E-0002  4.660743E-0003  8.783649E-0003  3.095927E-0003  6.543181E-0003  1.165886E-0002  6.391935E-0003  5.468962E-0003  3.326161E-0003  1.157222E-0002  7.531937E-0003  1.424389E-0003
